"GEO_ID","NAME","S1701_C01_001E","S1701_C01_001M","S1701_C01_002E","S1701_C01_002M","S1701_C01_003E","S1701_C01_003M","S1701_C01_004E","S1701_C01_004M","S1701_C01_005E","S1701_C01_005M","S1701_C01_006E","S1701_C01_006M","S1701_C01_007E","S1701_C01_007M","S1701_C01_008E","S1701_C01_008M","S1701_C01_009E","S1701_C01_009M","S1701_C01_010E","S1701_C01_010M","S1701_C01_011E","S1701_C01_011M","S1701_C01_012E","S1701_C01_012M","S1701_C01_013E","S1701_C01_013M","S1701_C01_014E","S1701_C01_014M","S1701_C01_015E","S1701_C01_015M","S1701_C01_016E","S1701_C01_016M","S1701_C01_017E","S1701_C01_017M","S1701_C01_018E","S1701_C01_018M","S1701_C01_019E","S1701_C01_019M","S1701_C01_020E","S1701_C01_020M","S1701_C01_021E","S1701_C01_021M","S1701_C01_022E","S1701_C01_022M","S1701_C01_023E","S1701_C01_023M","S1701_C01_024E","S1701_C01_024M","S1701_C01_025E","S1701_C01_025M","S1701_C01_026E","S1701_C01_026M","S1701_C01_027E","S1701_C01_027M","S1701_C01_028E","S1701_C01_028M","S1701_C01_029E","S1701_C01_029M","S1701_C01_030E","S1701_C01_030M","S1701_C01_031E","S1701_C01_031M","S1701_C01_032E","S1701_C01_032M","S1701_C01_033E","S1701_C01_033M","S1701_C01_034E","S1701_C01_034M","S1701_C01_035E","S1701_C01_035M","S1701_C01_036E","S1701_C01_036M","S1701_C01_037E","S1701_C01_037M","S1701_C01_038E","S1701_C01_038M","S1701_C01_039E","S1701_C01_039M","S1701_C01_040E","S1701_C01_040M","S1701_C01_041E","S1701_C01_041M","S1701_C01_042E","S1701_C01_042M","S1701_C01_043E","S1701_C01_043M","S1701_C01_044E","S1701_C01_044M","S1701_C01_045E","S1701_C01_045M","S1701_C01_046E","S1701_C01_046M","S1701_C01_047E","S1701_C01_047M","S1701_C01_048E","S1701_C01_048M","S1701_C01_049E","S1701_C01_049M","S1701_C01_050E","S1701_C01_050M","S1701_C01_051E","S1701_C01_051M","S1701_C01_052E","S1701_C01_052M","S1701_C01_053E","S1701_C01_053M","S1701_C01_054E","S1701_C01_054M","S1701_C01_055E","S1701_C01_055M","S1701_C01_056E","S1701_C01_056M","S1701_C01_057E","S1701_C01_057M","S1701_C01_058E","S1701_C01_058M","S1701_C01_059E","S1701_C01_059M","S1701_C01_060E","S1701_C01_060M","S1701_C01_061E","S1701_C01_061M","S1701_C02_001E","S1701_C02_001M","S1701_C02_002E","S1701_C02_002M","S1701_C02_003E","S1701_C02_003M","S1701_C02_004E","S1701_C02_004M","S1701_C02_005E","S1701_C02_005M","S1701_C02_006E","S1701_C02_006M","S1701_C02_007E","S1701_C02_007M","S1701_C02_008E","S1701_C02_008M","S1701_C02_009E","S1701_C02_009M","S1701_C02_010E","S1701_C02_010M","S1701_C02_011E","S1701_C02_011M","S1701_C02_012E","S1701_C02_012M","S1701_C02_013E","S1701_C02_013M","S1701_C02_014E","S1701_C02_014M","S1701_C02_015E","S1701_C02_015M","S1701_C02_016E","S1701_C02_016M","S1701_C02_017E","S1701_C02_017M","S1701_C02_018E","S1701_C02_018M","S1701_C02_019E","S1701_C02_019M","S1701_C02_020E","S1701_C02_020M","S1701_C02_021E","S1701_C02_021M","S1701_C02_022E","S1701_C02_022M","S1701_C02_023E","S1701_C02_023M","S1701_C02_024E","S1701_C02_024M","S1701_C02_025E","S1701_C02_025M","S1701_C02_026E","S1701_C02_026M","S1701_C02_027E","S1701_C02_027M","S1701_C02_028E","S1701_C02_028M","S1701_C02_029E","S1701_C02_029M","S1701_C02_030E","S1701_C02_030M","S1701_C02_031E","S1701_C02_031M","S1701_C02_032E","S1701_C02_032M","S1701_C02_033E","S1701_C02_033M","S1701_C02_034E","S1701_C02_034M","S1701_C02_035E","S1701_C02_035M","S1701_C02_036E","S1701_C02_036M","S1701_C02_037E","S1701_C02_037M","S1701_C02_038E","S1701_C02_038M","S1701_C02_039E","S1701_C02_039M","S1701_C02_040E","S1701_C02_040M","S1701_C02_041E","S1701_C02_041M","S1701_C02_042E","S1701_C02_042M","S1701_C02_043E","S1701_C02_043M","S1701_C02_044E","S1701_C02_044M","S1701_C02_045E","S1701_C02_045M","S1701_C02_046E","S1701_C02_046M","S1701_C02_047E","S1701_C02_047M","S1701_C02_048E","S1701_C02_048M","S1701_C02_049E","S1701_C02_049M","S1701_C02_050E","S1701_C02_050M","S1701_C02_051E","S1701_C02_051M","S1701_C02_052E","S1701_C02_052M","S1701_C02_053E","S1701_C02_053M","S1701_C02_054E","S1701_C02_054M","S1701_C02_055E","S1701_C02_055M","S1701_C02_056E","S1701_C02_056M","S1701_C02_057E","S1701_C02_057M","S1701_C02_058E","S1701_C02_058M","S1701_C02_059E","S1701_C02_059M","S1701_C02_060E","S1701_C02_060M","S1701_C02_061E","S1701_C02_061M","S1701_C03_001E","S1701_C03_001M","S1701_C03_002E","S1701_C03_002M","S1701_C03_003E","S1701_C03_003M","S1701_C03_004E","S1701_C03_004M","S1701_C03_005E","S1701_C03_005M","S1701_C03_006E","S1701_C03_006M","S1701_C03_007E","S1701_C03_007M","S1701_C03_008E","S1701_C03_008M","S1701_C03_009E","S1701_C03_009M","S1701_C03_010E","S1701_C03_010M","S1701_C03_011E","S1701_C03_011M","S1701_C03_012E","S1701_C03_012M","S1701_C03_013E","S1701_C03_013M","S1701_C03_014E","S1701_C03_014M","S1701_C03_015E","S1701_C03_015M","S1701_C03_016E","S1701_C03_016M","S1701_C03_017E","S1701_C03_017M","S1701_C03_018E","S1701_C03_018M","S1701_C03_019E","S1701_C03_019M","S1701_C03_020E","S1701_C03_020M","S1701_C03_021E","S1701_C03_021M","S1701_C03_022E","S1701_C03_022M","S1701_C03_023E","S1701_C03_023M","S1701_C03_024E","S1701_C03_024M","S1701_C03_025E","S1701_C03_025M","S1701_C03_026E","S1701_C03_026M","S1701_C03_027E","S1701_C03_027M","S1701_C03_028E","S1701_C03_028M","S1701_C03_029E","S1701_C03_029M","S1701_C03_030E","S1701_C03_030M","S1701_C03_031E","S1701_C03_031M","S1701_C03_032E","S1701_C03_032M","S1701_C03_033E","S1701_C03_033M","S1701_C03_034E","S1701_C03_034M","S1701_C03_035E","S1701_C03_035M","S1701_C03_036E","S1701_C03_036M","S1701_C03_037E","S1701_C03_037M","S1701_C03_038E","S1701_C03_038M","S1701_C03_039E","S1701_C03_039M","S1701_C03_040E","S1701_C03_040M","S1701_C03_041E","S1701_C03_041M","S1701_C03_042E","S1701_C03_042M","S1701_C03_043E","S1701_C03_043M","S1701_C03_044E","S1701_C03_044M","S1701_C03_045E","S1701_C03_045M","S1701_C03_046E","S1701_C03_046M","S1701_C03_047E","S1701_C03_047M","S1701_C03_048E","S1701_C03_048M","S1701_C03_049E","S1701_C03_049M","S1701_C03_050E","S1701_C03_050M","S1701_C03_051E","S1701_C03_051M","S1701_C03_052E","S1701_C03_052M","S1701_C03_053E","S1701_C03_053M","S1701_C03_054E","S1701_C03_054M","S1701_C03_055E","S1701_C03_055M","S1701_C03_056E","S1701_C03_056M","S1701_C03_057E","S1701_C03_057M","S1701_C03_058E","S1701_C03_058M","S1701_C03_059E","S1701_C03_059M","S1701_C03_060E","S1701_C03_060M","S1701_C03_061E","S1701_C03_061M",
"Geography","Geographic Area Name","Estimate!!Total!!Population for whom poverty status is determined","Margin of Error!!Total!!Population for whom poverty status is determined","Estimate!!Total!!Population for whom poverty status is determined!!AGE!!Under 18 years","Margin of Error!!Total!!Population for whom poverty status is determined!!AGE!!Under 18 years","Estimate!!Total!!Population for whom poverty status is determined!!AGE!!Under 18 years!!Under 5 years","Margin of Error!!Total!!Population for whom poverty status is determined!!AGE!!Under 18 years!!Under 5 years","Estimate!!Total!!Population for whom poverty status is determined!!AGE!!Under 18 years!!5 to 17 years","Margin of Error!!Total!!Population for whom poverty status is determined!!AGE!!Under 18 years!!5 to 17 years","Estimate!!Total!!Population for whom poverty status is determined!!AGE!!Under 18 years!!Related children of householder under 18 years","Margin of Error!!Total!!Population for whom poverty status is determined!!AGE!!Under 18 years!!Related children of householder under 18 years","Estimate!!Total!!Population for whom poverty status is determined!!AGE!!18 to 64 years","Margin of Error!!Total!!Population for whom poverty status is determined!!AGE!!18 to 64 years","Estimate!!Total!!Population for whom poverty status is determined!!AGE!!18 to 64 years!!18 to 34 years","Margin of Error!!Total!!Population for whom poverty status is determined!!AGE!!18 to 64 years!!18 to 34 years","Estimate!!Total!!Population for whom poverty status is determined!!AGE!!18 to 64 years!!35 to 64 years","Margin of Error!!Total!!Population for whom poverty status is determined!!AGE!!18 to 64 years!!35 to 64 years","Estimate!!Total!!Population for whom poverty status is determined!!AGE!!60 years and over","Margin of Error!!Total!!Population for whom poverty status is determined!!AGE!!60 years and over","Estimate!!Total!!Population for whom poverty status is determined!!AGE!!65 years and over","Margin of Error!!Total!!Population for whom poverty status is determined!!AGE!!65 years and over","Estimate!!Total!!Population for whom poverty status is determined!!SEX!!Male","Margin of Error!!Total!!Population for whom poverty status is determined!!SEX!!Male","Estimate!!Total!!Population for whom poverty status is determined!!SEX!!Female","Margin of Error!!Total!!Population for whom poverty status is determined!!SEX!!Female","Estimate!!Total!!Population for whom poverty status is determined!!RACE AND HISPANIC OR LATINO ORIGIN!!White alone","Margin of Error!!Total!!Population for whom poverty status is determined!!RACE AND HISPANIC OR LATINO ORIGIN!!White alone","Estimate!!Total!!Population for whom poverty status is determined!!RACE AND HISPANIC OR LATINO ORIGIN!!Black or African American alone","Margin of Error!!Total!!Population for whom poverty status is determined!!RACE AND HISPANIC OR LATINO ORIGIN!!Black or African American alone","Estimate!!Total!!Population for whom poverty status is determined!!RACE AND HISPANIC OR LATINO ORIGIN!!American Indian and Alaska Native alone","Margin of Error!!Total!!Population for whom poverty status is determined!!RACE AND HISPANIC OR LATINO ORIGIN!!American Indian and Alaska Native alone","Estimate!!Total!!Population for whom poverty status is determined!!RACE AND HISPANIC OR LATINO ORIGIN!!Asian alone","Margin of Error!!Total!!Population for whom poverty status is determined!!RACE AND HISPANIC OR LATINO ORIGIN!!Asian alone","Estimate!!Total!!Population for whom poverty status is determined!!RACE AND HISPANIC OR LATINO ORIGIN!!Native Hawaiian and Other Pacific Islander alone","Margin of Error!!Total!!Population for whom poverty status is determined!!RACE AND HISPANIC OR LATINO ORIGIN!!Native Hawaiian and Other Pacific Islander alone","Estimate!!Total!!Population for whom poverty status is determined!!RACE AND HISPANIC OR LATINO ORIGIN!!Some other race alone","Margin of Error!!Total!!Population for whom poverty status is determined!!RACE AND HISPANIC OR LATINO ORIGIN!!Some other race alone","Estimate!!Total!!Population for whom poverty status is determined!!RACE AND HISPANIC OR LATINO ORIGIN!!Two or more races","Margin of Error!!Total!!Population for whom poverty status is determined!!RACE AND HISPANIC OR LATINO ORIGIN!!Two or more races","Estimate!!Total!!Population for whom poverty status is determined!!RACE AND HISPANIC OR LATINO ORIGIN!!Hispanic or Latino origin (of any race)","Margin of Error!!Total!!Population for whom poverty status is determined!!RACE AND HISPANIC OR LATINO ORIGIN!!Hispanic or Latino origin (of any race)","Estimate!!Total!!Population for whom poverty status is determined!!RACE AND HISPANIC OR LATINO ORIGIN!!White alone, not Hispanic or Latino","Margin of Error!!Total!!Population for whom poverty status is determined!!RACE AND HISPANIC OR LATINO ORIGIN!!White alone, not Hispanic or Latino","Estimate!!Total!!Population for whom poverty status is determined!!EDUCATIONAL ATTAINMENT!!Population 25 years and over","Margin of Error!!Total!!Population for whom poverty status is determined!!EDUCATIONAL ATTAINMENT!!Population 25 years and over","Estimate!!Total!!Population for whom poverty status is determined!!EDUCATIONAL ATTAINMENT!!Population 25 years and over!!Less than high school graduate","Margin of Error!!Total!!Population for whom poverty status is determined!!EDUCATIONAL ATTAINMENT!!Population 25 years and over!!Less than high school graduate","Estimate!!Total!!Population for whom poverty status is determined!!EDUCATIONAL ATTAINMENT!!Population 25 years and over!!High school graduate (includes equivalency)","Margin of Error!!Total!!Population for whom poverty status is determined!!EDUCATIONAL ATTAINMENT!!Population 25 years and over!!High school graduate (includes equivalency)","Estimate!!Total!!Population for whom poverty status is determined!!EDUCATIONAL ATTAINMENT!!Population 25 years and over!!Some college, associate's degree","Margin of Error!!Total!!Population for whom poverty status is determined!!EDUCATIONAL ATTAINMENT!!Population 25 years and over!!Some college, associate's degree","Estimate!!Total!!Population for whom poverty status is determined!!EDUCATIONAL ATTAINMENT!!Population 25 years and over!!Bachelor's degree or higher","Margin of Error!!Total!!Population for whom poverty status is determined!!EDUCATIONAL ATTAINMENT!!Population 25 years and over!!Bachelor's degree or higher","Estimate!!Total!!Population for whom poverty status is determined!!EMPLOYMENT STATUS!!Civilian labor force 16 years and over","Margin of Error!!Total!!Population for whom poverty status is determined!!EMPLOYMENT STATUS!!Civilian labor force 16 years and over","Estimate!!Total!!Population for whom poverty status is determined!!EMPLOYMENT STATUS!!Civilian labor force 16 years and over!!Employed","Margin of Error!!Total!!Population for whom poverty status is determined!!EMPLOYMENT STATUS!!Civilian labor force 16 years and over!!Employed","Estimate!!Total!!Population for whom poverty status is determined!!EMPLOYMENT STATUS!!Civilian labor force 16 years and over!!Employed!!Male","Margin of Error!!Total!!Population for whom poverty status is determined!!EMPLOYMENT STATUS!!Civilian labor force 16 years and over!!Employed!!Male","Estimate!!Total!!Population for whom poverty status is determined!!EMPLOYMENT STATUS!!Civilian labor force 16 years and over!!Employed!!Female","Margin of Error!!Total!!Population for whom poverty status is determined!!EMPLOYMENT STATUS!!Civilian labor force 16 years and over!!Employed!!Female","Estimate!!Total!!Population for whom poverty status is determined!!EMPLOYMENT STATUS!!Civilian labor force 16 years and over!!Unemployed","Margin of Error!!Total!!Population for whom poverty status is determined!!EMPLOYMENT STATUS!!Civilian labor force 16 years and over!!Unemployed","Estimate!!Total!!Population for whom poverty status is determined!!EMPLOYMENT STATUS!!Civilian labor force 16 years and over!!Unemployed!!Male","Margin of Error!!Total!!Population for whom poverty status is determined!!EMPLOYMENT STATUS!!Civilian labor force 16 years and over!!Unemployed!!Male","Estimate!!Total!!Population for whom poverty status is determined!!EMPLOYMENT STATUS!!Civilian labor force 16 years and over!!Unemployed!!Female","Margin of Error!!Total!!Population for whom poverty status is determined!!EMPLOYMENT STATUS!!Civilian labor force 16 years and over!!Unemployed!!Female","Estimate!!Total!!Population for whom poverty status is determined!!WORK EXPERIENCE!!Population 16 years and over","Margin of Error!!Total!!Population for whom poverty status is determined!!WORK EXPERIENCE!!Population 16 years and over","Estimate!!Total!!Population for whom poverty status is determined!!WORK EXPERIENCE!!Population 16 years and over!!Worked full-time, year-round in the past 12 months","Margin of Error!!Total!!Population for whom poverty status is determined!!WORK EXPERIENCE!!Population 16 years and over!!Worked full-time, year-round in the past 12 months","Estimate!!Total!!Population for whom poverty status is determined!!WORK EXPERIENCE!!Population 16 years and over!!Worked part-time or part-year in the past 12 months","Margin of Error!!Total!!Population for whom poverty status is determined!!WORK EXPERIENCE!!Population 16 years and over!!Worked part-time or part-year in the past 12 months","Estimate!!Total!!Population for whom poverty status is determined!!WORK EXPERIENCE!!Population 16 years and over!!Did not work","Margin of Error!!Total!!Population for whom poverty status is determined!!WORK EXPERIENCE!!Population 16 years and over!!Did not work","Estimate!!Total!!Population for whom poverty status is determined!!ALL INDIVIDUALS WITH INCOME BELOW THE FOLLOWING POVERTY RATIOS!!50 percent of poverty level","Margin of Error!!Total!!Population for whom poverty status is determined!!ALL INDIVIDUALS WITH INCOME BELOW THE FOLLOWING POVERTY RATIOS!!50 percent of poverty level","Estimate!!Total!!Population for whom poverty status is determined!!ALL INDIVIDUALS WITH INCOME BELOW THE FOLLOWING POVERTY RATIOS!!125 percent of poverty level","Margin of Error!!Total!!Population for whom poverty status is determined!!ALL INDIVIDUALS WITH INCOME BELOW THE FOLLOWING POVERTY RATIOS!!125 percent of poverty level","Estimate!!Total!!Population for whom poverty status is determined!!ALL INDIVIDUALS WITH INCOME BELOW THE FOLLOWING POVERTY RATIOS!!150 percent of poverty level","Margin of Error!!Total!!Population for whom poverty status is determined!!ALL INDIVIDUALS WITH INCOME BELOW THE FOLLOWING POVERTY RATIOS!!150 percent of poverty level","Estimate!!Total!!Population for whom poverty status is determined!!ALL INDIVIDUALS WITH INCOME BELOW THE FOLLOWING POVERTY RATIOS!!185 percent of poverty level","Margin of Error!!Total!!Population for whom poverty status is determined!!ALL INDIVIDUALS WITH INCOME BELOW THE FOLLOWING POVERTY RATIOS!!185 percent of poverty level","Estimate!!Total!!Population for whom poverty status is determined!!ALL INDIVIDUALS WITH INCOME BELOW THE FOLLOWING POVERTY RATIOS!!200 percent of poverty level","Margin of Error!!Total!!Population for whom poverty status is determined!!ALL INDIVIDUALS WITH INCOME BELOW THE FOLLOWING POVERTY RATIOS!!200 percent of poverty level","Estimate!!Total!!Population for whom poverty status is determined!!ALL INDIVIDUALS WITH INCOME BELOW THE FOLLOWING POVERTY RATIOS!!300 percent of poverty level","Margin of Error!!Total!!Population for whom poverty status is determined!!ALL INDIVIDUALS WITH INCOME BELOW THE FOLLOWING POVERTY RATIOS!!300 percent of poverty level","Estimate!!Total!!Population for whom poverty status is determined!!ALL INDIVIDUALS WITH INCOME BELOW THE FOLLOWING POVERTY RATIOS!!400 percent of poverty level","Margin of Error!!Total!!Population for whom poverty status is determined!!ALL INDIVIDUALS WITH INCOME BELOW THE FOLLOWING POVERTY RATIOS!!400 percent of poverty level","Estimate!!Total!!Population for whom poverty status is determined!!ALL INDIVIDUALS WITH INCOME BELOW THE FOLLOWING POVERTY RATIOS!!500 percent of poverty level","Margin of Error!!Total!!Population for whom poverty status is determined!!ALL INDIVIDUALS WITH INCOME BELOW THE FOLLOWING POVERTY RATIOS!!500 percent of poverty level","Estimate!!Total!!UNRELATED INDIVIDUALS FOR WHOM POVERTY STATUS IS DETERMINED","Margin of Error!!Total!!UNRELATED INDIVIDUALS FOR WHOM POVERTY STATUS IS DETERMINED","Estimate!!Total!!UNRELATED INDIVIDUALS FOR WHOM POVERTY STATUS IS DETERMINED!!Male","Margin of Error!!Total!!UNRELATED INDIVIDUALS FOR WHOM POVERTY STATUS IS DETERMINED!!Male","Estimate!!Total!!UNRELATED INDIVIDUALS FOR WHOM POVERTY STATUS IS DETERMINED!!Female","Margin of Error!!Total!!UNRELATED INDIVIDUALS FOR WHOM POVERTY STATUS IS DETERMINED!!Female","Estimate!!Total!!UNRELATED INDIVIDUALS FOR WHOM POVERTY STATUS IS DETERMINED!!15 years","Margin of Error!!Total!!UNRELATED INDIVIDUALS FOR WHOM POVERTY STATUS IS DETERMINED!!15 years","Estimate!!Total!!UNRELATED INDIVIDUALS FOR WHOM POVERTY STATUS IS DETERMINED!!16 to 17 years","Margin of Error!!Total!!UNRELATED INDIVIDUALS FOR WHOM POVERTY STATUS IS DETERMINED!!16 to 17 years","Estimate!!Total!!UNRELATED INDIVIDUALS FOR WHOM POVERTY STATUS IS DETERMINED!!18 to 24 years","Margin of Error!!Total!!UNRELATED INDIVIDUALS FOR WHOM POVERTY STATUS IS DETERMINED!!18 to 24 years","Estimate!!Total!!UNRELATED INDIVIDUALS FOR WHOM POVERTY STATUS IS DETERMINED!!25 to 34 years","Margin of Error!!Total!!UNRELATED INDIVIDUALS FOR WHOM POVERTY STATUS IS DETERMINED!!25 to 34 years","Estimate!!Total!!UNRELATED INDIVIDUALS FOR WHOM POVERTY STATUS IS DETERMINED!!35 to 44 years","Margin of Error!!Total!!UNRELATED INDIVIDUALS FOR WHOM POVERTY STATUS IS DETERMINED!!35 to 44 years","Estimate!!Total!!UNRELATED INDIVIDUALS FOR WHOM POVERTY STATUS IS DETERMINED!!45 to 54 years","Margin of Error!!Total!!UNRELATED INDIVIDUALS FOR WHOM POVERTY STATUS IS DETERMINED!!45 to 54 years","Estimate!!Total!!UNRELATED INDIVIDUALS FOR WHOM POVERTY STATUS IS DETERMINED!!55 to 64 years","Margin of Error!!Total!!UNRELATED INDIVIDUALS FOR WHOM POVERTY STATUS IS DETERMINED!!55 to 64 years","Estimate!!Total!!UNRELATED INDIVIDUALS FOR WHOM POVERTY STATUS IS DETERMINED!!65 to 74 years","Margin of Error!!Total!!UNRELATED INDIVIDUALS FOR WHOM POVERTY STATUS IS DETERMINED!!65 to 74 years","Estimate!!Total!!UNRELATED INDIVIDUALS FOR WHOM POVERTY STATUS IS DETERMINED!!75 years and over","Margin of Error!!Total!!UNRELATED INDIVIDUALS FOR WHOM POVERTY STATUS IS DETERMINED!!75 years and over","Estimate!!Total!!UNRELATED INDIVIDUALS FOR WHOM POVERTY STATUS IS DETERMINED!!Mean income deficit for unrelated individuals (dollars)","Margin of Error!!Total!!UNRELATED INDIVIDUALS FOR WHOM POVERTY STATUS IS DETERMINED!!Mean income deficit for unrelated individuals (dollars)","Estimate!!Total!!UNRELATED INDIVIDUALS FOR WHOM POVERTY STATUS IS DETERMINED!!Worked full-time, year-round in the past 12 months","Margin of Error!!Total!!UNRELATED INDIVIDUALS FOR WHOM POVERTY STATUS IS DETERMINED!!Worked full-time, year-round in the past 12 months","Estimate!!Total!!UNRELATED INDIVIDUALS FOR WHOM POVERTY STATUS IS DETERMINED!!Worked less than full-time, year-round in the past 12 months","Margin of Error!!Total!!UNRELATED INDIVIDUALS FOR WHOM POVERTY STATUS IS DETERMINED!!Worked less than full-time, year-round in the past 12 months","Estimate!!Total!!UNRELATED INDIVIDUALS FOR WHOM POVERTY STATUS IS DETERMINED!!Did not work","Margin of Error!!Total!!UNRELATED INDIVIDUALS FOR WHOM POVERTY STATUS IS DETERMINED!!Did not work","Estimate!!Below poverty level!!Population for whom poverty status is determined","Margin of Error!!Below poverty level!!Population for whom poverty status is determined","Estimate!!Below poverty level!!Population for whom poverty status is determined!!AGE!!Under 18 years","Margin of Error!!Below poverty level!!Population for whom poverty status is determined!!AGE!!Under 18 years","Estimate!!Below poverty level!!Population for whom poverty status is determined!!AGE!!Under 18 years!!Under 5 years","Margin of Error!!Below poverty level!!Population for whom poverty status is determined!!AGE!!Under 18 years!!Under 5 years","Estimate!!Below poverty level!!Population for whom poverty status is determined!!AGE!!Under 18 years!!5 to 17 years","Margin of Error!!Below poverty level!!Population for whom poverty status is determined!!AGE!!Under 18 years!!5 to 17 years","Estimate!!Below poverty level!!Population for whom poverty status is determined!!AGE!!Under 18 years!!Related children of householder under 18 years","Margin of Error!!Below poverty level!!Population for whom poverty status is determined!!AGE!!Under 18 years!!Related children of householder under 18 years","Estimate!!Below poverty level!!Population for whom poverty status is determined!!AGE!!18 to 64 years","Margin of Error!!Below poverty level!!Population for whom poverty status is determined!!AGE!!18 to 64 years","Estimate!!Below poverty level!!Population for whom poverty status is determined!!AGE!!18 to 64 years!!18 to 34 years","Margin of Error!!Below poverty level!!Population for whom poverty status is determined!!AGE!!18 to 64 years!!18 to 34 years","Estimate!!Below poverty level!!Population for whom poverty status is determined!!AGE!!18 to 64 years!!35 to 64 years","Margin of Error!!Below poverty level!!Population for whom poverty status is determined!!AGE!!18 to 64 years!!35 to 64 years","Estimate!!Below poverty level!!Population for whom poverty status is determined!!AGE!!60 years and over","Margin of Error!!Below poverty level!!Population for whom poverty status is determined!!AGE!!60 years and over","Estimate!!Below poverty level!!Population for whom poverty status is determined!!AGE!!65 years and over","Margin of Error!!Below poverty level!!Population for whom poverty status is determined!!AGE!!65 years and over","Estimate!!Below poverty level!!Population for whom poverty status is determined!!SEX!!Male","Margin of Error!!Below poverty level!!Population for whom poverty status is determined!!SEX!!Male","Estimate!!Below poverty level!!Population for whom poverty status is determined!!SEX!!Female","Margin of Error!!Below poverty level!!Population for whom poverty status is determined!!SEX!!Female","Estimate!!Below poverty level!!Population for whom poverty status is determined!!RACE AND HISPANIC OR LATINO ORIGIN!!White alone","Margin of Error!!Below poverty level!!Population for whom poverty status is determined!!RACE AND HISPANIC OR LATINO ORIGIN!!White alone","Estimate!!Below poverty level!!Population for whom poverty status is determined!!RACE AND HISPANIC OR LATINO ORIGIN!!Black or African American alone","Margin of Error!!Below poverty level!!Population for whom poverty status is determined!!RACE AND HISPANIC OR LATINO ORIGIN!!Black or African American alone","Estimate!!Below poverty level!!Population for whom poverty status is determined!!RACE AND HISPANIC OR LATINO ORIGIN!!American Indian and Alaska Native alone","Margin of Error!!Below poverty level!!Population for whom poverty status is determined!!RACE AND HISPANIC OR LATINO ORIGIN!!American Indian and Alaska Native alone","Estimate!!Below poverty level!!Population for whom poverty status is determined!!RACE AND HISPANIC OR LATINO ORIGIN!!Asian alone","Margin of Error!!Below poverty level!!Population for whom poverty status is determined!!RACE AND HISPANIC OR LATINO ORIGIN!!Asian alone","Estimate!!Below poverty level!!Population for whom poverty status is determined!!RACE AND HISPANIC OR LATINO ORIGIN!!Native Hawaiian and Other Pacific Islander alone","Margin of Error!!Below poverty level!!Population for whom poverty status is determined!!RACE AND HISPANIC OR LATINO ORIGIN!!Native Hawaiian and Other Pacific Islander alone","Estimate!!Below poverty level!!Population for whom poverty status is determined!!RACE AND HISPANIC OR LATINO ORIGIN!!Some other race alone","Margin of Error!!Below poverty level!!Population for whom poverty status is determined!!RACE AND HISPANIC OR LATINO ORIGIN!!Some other race alone","Estimate!!Below poverty level!!Population for whom poverty status is determined!!RACE AND HISPANIC OR LATINO ORIGIN!!Two or more races","Margin of Error!!Below poverty level!!Population for whom poverty status is determined!!RACE AND HISPANIC OR LATINO ORIGIN!!Two or more races","Estimate!!Below poverty level!!Population for whom poverty status is determined!!RACE AND HISPANIC OR LATINO ORIGIN!!Hispanic or Latino origin (of any race)","Margin of Error!!Below poverty level!!Population for whom poverty status is determined!!RACE AND HISPANIC OR LATINO ORIGIN!!Hispanic or Latino origin (of any race)","Estimate!!Below poverty level!!Population for whom poverty status is determined!!RACE AND HISPANIC OR LATINO ORIGIN!!White alone, not Hispanic or Latino","Margin of Error!!Below poverty level!!Population for whom poverty status is determined!!RACE AND HISPANIC OR LATINO ORIGIN!!White alone, not Hispanic or Latino","Estimate!!Below poverty level!!Population for whom poverty status is determined!!EDUCATIONAL ATTAINMENT!!Population 25 years and over","Margin of Error!!Below poverty level!!Population for whom poverty status is determined!!EDUCATIONAL ATTAINMENT!!Population 25 years and over","Estimate!!Below poverty level!!Population for whom poverty status is determined!!EDUCATIONAL ATTAINMENT!!Population 25 years and over!!Less than high school graduate","Margin of Error!!Below poverty level!!Population for whom poverty status is determined!!EDUCATIONAL ATTAINMENT!!Population 25 years and over!!Less than high school graduate","Estimate!!Below poverty level!!Population for whom poverty status is determined!!EDUCATIONAL ATTAINMENT!!Population 25 years and over!!High school graduate (includes equivalency)","Margin of Error!!Below poverty level!!Population for whom poverty status is determined!!EDUCATIONAL ATTAINMENT!!Population 25 years and over!!High school graduate (includes equivalency)","Estimate!!Below poverty level!!Population for whom poverty status is determined!!EDUCATIONAL ATTAINMENT!!Population 25 years and over!!Some college, associate's degree","Margin of Error!!Below poverty level!!Population for whom poverty status is determined!!EDUCATIONAL ATTAINMENT!!Population 25 years and over!!Some college, associate's degree","Estimate!!Below poverty level!!Population for whom poverty status is determined!!EDUCATIONAL ATTAINMENT!!Population 25 years and over!!Bachelor's degree or higher","Margin of Error!!Below poverty level!!Population for whom poverty status is determined!!EDUCATIONAL ATTAINMENT!!Population 25 years and over!!Bachelor's degree or higher","Estimate!!Below poverty level!!Population for whom poverty status is determined!!EMPLOYMENT STATUS!!Civilian labor force 16 years and over","Margin of Error!!Below poverty level!!Population for whom poverty status is determined!!EMPLOYMENT STATUS!!Civilian labor force 16 years and over","Estimate!!Below poverty level!!Population for whom poverty status is determined!!EMPLOYMENT STATUS!!Civilian labor force 16 years and over!!Employed","Margin of Error!!Below poverty level!!Population for whom poverty status is determined!!EMPLOYMENT STATUS!!Civilian labor force 16 years and over!!Employed","Estimate!!Below poverty level!!Population for whom poverty status is determined!!EMPLOYMENT STATUS!!Civilian labor force 16 years and over!!Employed!!Male","Margin of Error!!Below poverty level!!Population for whom poverty status is determined!!EMPLOYMENT STATUS!!Civilian labor force 16 years and over!!Employed!!Male","Estimate!!Below poverty level!!Population for whom poverty status is determined!!EMPLOYMENT STATUS!!Civilian labor force 16 years and over!!Employed!!Female","Margin of Error!!Below poverty level!!Population for whom poverty status is determined!!EMPLOYMENT STATUS!!Civilian labor force 16 years and over!!Employed!!Female","Estimate!!Below poverty level!!Population for whom poverty status is determined!!EMPLOYMENT STATUS!!Civilian labor force 16 years and over!!Unemployed","Margin of Error!!Below poverty level!!Population for whom poverty status is determined!!EMPLOYMENT STATUS!!Civilian labor force 16 years and over!!Unemployed","Estimate!!Below poverty level!!Population for whom poverty status is determined!!EMPLOYMENT STATUS!!Civilian labor force 16 years and over!!Unemployed!!Male","Margin of Error!!Below poverty level!!Population for whom poverty status is determined!!EMPLOYMENT STATUS!!Civilian labor force 16 years and over!!Unemployed!!Male","Estimate!!Below poverty level!!Population for whom poverty status is determined!!EMPLOYMENT STATUS!!Civilian labor force 16 years and over!!Unemployed!!Female","Margin of Error!!Below poverty level!!Population for whom poverty status is determined!!EMPLOYMENT STATUS!!Civilian labor force 16 years and over!!Unemployed!!Female","Estimate!!Below poverty level!!Population for whom poverty status is determined!!WORK EXPERIENCE!!Population 16 years and over","Margin of Error!!Below poverty level!!Population for whom poverty status is determined!!WORK EXPERIENCE!!Population 16 years and over","Estimate!!Below poverty level!!Population for whom poverty status is determined!!WORK EXPERIENCE!!Population 16 years and over!!Worked full-time, year-round in the past 12 months","Margin of Error!!Below poverty level!!Population for whom poverty status is determined!!WORK EXPERIENCE!!Population 16 years and over!!Worked full-time, year-round in the past 12 months","Estimate!!Below poverty level!!Population for whom poverty status is determined!!WORK EXPERIENCE!!Population 16 years and over!!Worked part-time or part-year in the past 12 months","Margin of Error!!Below poverty level!!Population for whom poverty status is determined!!WORK EXPERIENCE!!Population 16 years and over!!Worked part-time or part-year in the past 12 months","Estimate!!Below poverty level!!Population for whom poverty status is determined!!WORK EXPERIENCE!!Population 16 years and over!!Did not work","Margin of Error!!Below poverty level!!Population for whom poverty status is determined!!WORK EXPERIENCE!!Population 16 years and over!!Did not work","Estimate!!Below poverty level!!Population for whom poverty status is determined!!ALL INDIVIDUALS WITH INCOME BELOW THE FOLLOWING POVERTY RATIOS!!50 percent of poverty level","Margin of Error!!Below poverty level!!Population for whom poverty status is determined!!ALL INDIVIDUALS WITH INCOME BELOW THE FOLLOWING POVERTY RATIOS!!50 percent of poverty level","Estimate!!Below poverty level!!Population for whom poverty status is determined!!ALL INDIVIDUALS WITH INCOME BELOW THE FOLLOWING POVERTY RATIOS!!125 percent of poverty level","Margin of Error!!Below poverty level!!Population for whom poverty status is determined!!ALL INDIVIDUALS WITH INCOME BELOW THE FOLLOWING POVERTY RATIOS!!125 percent of poverty level","Estimate!!Below poverty level!!Population for whom poverty status is determined!!ALL INDIVIDUALS WITH INCOME BELOW THE FOLLOWING POVERTY RATIOS!!150 percent of poverty level","Margin of Error!!Below poverty level!!Population for whom poverty status is determined!!ALL INDIVIDUALS WITH INCOME BELOW THE FOLLOWING POVERTY RATIOS!!150 percent of poverty level","Estimate!!Below poverty level!!Population for whom poverty status is determined!!ALL INDIVIDUALS WITH INCOME BELOW THE FOLLOWING POVERTY RATIOS!!185 percent of poverty level","Margin of Error!!Below poverty level!!Population for whom poverty status is determined!!ALL INDIVIDUALS WITH INCOME BELOW THE FOLLOWING POVERTY RATIOS!!185 percent of poverty level","Estimate!!Below poverty level!!Population for whom poverty status is determined!!ALL INDIVIDUALS WITH INCOME BELOW THE FOLLOWING POVERTY RATIOS!!200 percent of poverty level","Margin of Error!!Below poverty level!!Population for whom poverty status is determined!!ALL INDIVIDUALS WITH INCOME BELOW THE FOLLOWING POVERTY RATIOS!!200 percent of poverty level","Estimate!!Below poverty level!!Population for whom poverty status is determined!!ALL INDIVIDUALS WITH INCOME BELOW THE FOLLOWING POVERTY RATIOS!!300 percent of poverty level","Margin of Error!!Below poverty level!!Population for whom poverty status is determined!!ALL INDIVIDUALS WITH INCOME BELOW THE FOLLOWING POVERTY RATIOS!!300 percent of poverty level","Estimate!!Below poverty level!!Population for whom poverty status is determined!!ALL INDIVIDUALS WITH INCOME BELOW THE FOLLOWING POVERTY RATIOS!!400 percent of poverty level","Margin of Error!!Below poverty level!!Population for whom poverty status is determined!!ALL INDIVIDUALS WITH INCOME BELOW THE FOLLOWING POVERTY RATIOS!!400 percent of poverty level","Estimate!!Below poverty level!!Population for whom poverty status is determined!!ALL INDIVIDUALS WITH INCOME BELOW THE FOLLOWING POVERTY RATIOS!!500 percent of poverty level","Margin of Error!!Below poverty level!!Population for whom poverty status is determined!!ALL INDIVIDUALS WITH INCOME BELOW THE FOLLOWING POVERTY RATIOS!!500 percent of poverty level","Estimate!!Below poverty level!!UNRELATED INDIVIDUALS FOR WHOM POVERTY STATUS IS DETERMINED","Margin of Error!!Below poverty level!!UNRELATED INDIVIDUALS FOR WHOM POVERTY STATUS IS DETERMINED","Estimate!!Below poverty level!!UNRELATED INDIVIDUALS FOR WHOM POVERTY STATUS IS DETERMINED!!Male","Margin of Error!!Below poverty level!!UNRELATED INDIVIDUALS FOR WHOM POVERTY STATUS IS DETERMINED!!Male","Estimate!!Below poverty level!!UNRELATED INDIVIDUALS FOR WHOM POVERTY STATUS IS DETERMINED!!Female","Margin of Error!!Below poverty level!!UNRELATED INDIVIDUALS FOR WHOM POVERTY STATUS IS DETERMINED!!Female","Estimate!!Below poverty level!!UNRELATED INDIVIDUALS FOR WHOM POVERTY STATUS IS DETERMINED!!15 years","Margin of Error!!Below poverty level!!UNRELATED INDIVIDUALS FOR WHOM POVERTY STATUS IS DETERMINED!!15 years","Estimate!!Below poverty level!!UNRELATED INDIVIDUALS FOR WHOM POVERTY STATUS IS DETERMINED!!16 to 17 years","Margin of Error!!Below poverty level!!UNRELATED INDIVIDUALS FOR WHOM POVERTY STATUS IS DETERMINED!!16 to 17 years","Estimate!!Below poverty level!!UNRELATED INDIVIDUALS FOR WHOM POVERTY STATUS IS DETERMINED!!18 to 24 years","Margin of Error!!Below poverty level!!UNRELATED INDIVIDUALS FOR WHOM POVERTY STATUS IS DETERMINED!!18 to 24 years","Estimate!!Below poverty level!!UNRELATED INDIVIDUALS FOR WHOM POVERTY STATUS IS DETERMINED!!25 to 34 years","Margin of Error!!Below poverty level!!UNRELATED INDIVIDUALS FOR WHOM POVERTY STATUS IS DETERMINED!!25 to 34 years","Estimate!!Below poverty level!!UNRELATED INDIVIDUALS FOR WHOM POVERTY STATUS IS DETERMINED!!35 to 44 years","Margin of Error!!Below poverty level!!UNRELATED INDIVIDUALS FOR WHOM POVERTY STATUS IS DETERMINED!!35 to 44 years","Estimate!!Below poverty level!!UNRELATED INDIVIDUALS FOR WHOM POVERTY STATUS IS DETERMINED!!45 to 54 years","Margin of Error!!Below poverty level!!UNRELATED INDIVIDUALS FOR WHOM POVERTY STATUS IS DETERMINED!!45 to 54 years","Estimate!!Below poverty level!!UNRELATED INDIVIDUALS FOR WHOM POVERTY STATUS IS DETERMINED!!55 to 64 years","Margin of Error!!Below poverty level!!UNRELATED INDIVIDUALS FOR WHOM POVERTY STATUS IS DETERMINED!!55 to 64 years","Estimate!!Below poverty level!!UNRELATED INDIVIDUALS FOR WHOM POVERTY STATUS IS DETERMINED!!65 to 74 years","Margin of Error!!Below poverty level!!UNRELATED INDIVIDUALS FOR WHOM POVERTY STATUS IS DETERMINED!!65 to 74 years","Estimate!!Below poverty level!!UNRELATED INDIVIDUALS FOR WHOM POVERTY STATUS IS DETERMINED!!75 years and over","Margin of Error!!Below poverty level!!UNRELATED INDIVIDUALS FOR WHOM POVERTY STATUS IS DETERMINED!!75 years and over","Estimate!!Below poverty level!!UNRELATED INDIVIDUALS FOR WHOM POVERTY STATUS IS DETERMINED!!Mean income deficit for unrelated individuals (dollars)","Margin of Error!!Below poverty level!!UNRELATED INDIVIDUALS FOR WHOM POVERTY STATUS IS DETERMINED!!Mean income deficit for unrelated individuals (dollars)","Estimate!!Below poverty level!!UNRELATED INDIVIDUALS FOR WHOM POVERTY STATUS IS DETERMINED!!Worked full-time, year-round in the past 12 months","Margin of Error!!Below poverty level!!UNRELATED INDIVIDUALS FOR WHOM POVERTY STATUS IS DETERMINED!!Worked full-time, year-round in the past 12 months","Estimate!!Below poverty level!!UNRELATED INDIVIDUALS FOR WHOM POVERTY STATUS IS DETERMINED!!Worked less than full-time, year-round in the past 12 months","Margin of Error!!Below poverty level!!UNRELATED INDIVIDUALS FOR WHOM POVERTY STATUS IS DETERMINED!!Worked less than full-time, year-round in the past 12 months","Estimate!!Below poverty level!!UNRELATED INDIVIDUALS FOR WHOM POVERTY STATUS IS DETERMINED!!Did not work","Margin of Error!!Below poverty level!!UNRELATED INDIVIDUALS FOR WHOM POVERTY STATUS IS DETERMINED!!Did not work","Estimate!!Percent below poverty level!!Population for whom poverty status is determined","Margin of Error!!Percent below poverty level!!Population for whom poverty status is determined","Estimate!!Percent below poverty level!!Population for whom poverty status is determined!!AGE!!Under 18 years","Margin of Error!!Percent below poverty level!!Population for whom poverty status is determined!!AGE!!Under 18 years","Estimate!!Percent below poverty level!!Population for whom poverty status is determined!!AGE!!Under 18 years!!Under 5 years","Margin of Error!!Percent below poverty level!!Population for whom poverty status is determined!!AGE!!Under 18 years!!Under 5 years","Estimate!!Percent below poverty level!!Population for whom poverty status is determined!!AGE!!Under 18 years!!5 to 17 years","Margin of Error!!Percent below poverty level!!Population for whom poverty status is determined!!AGE!!Under 18 years!!5 to 17 years","Estimate!!Percent below poverty level!!Population for whom poverty status is determined!!AGE!!Under 18 years!!Related children of householder under 18 years","Margin of Error!!Percent below poverty level!!Population for whom poverty status is determined!!AGE!!Under 18 years!!Related children of householder under 18 years","Estimate!!Percent below poverty level!!Population for whom poverty status is determined!!AGE!!18 to 64 years","Margin of Error!!Percent below poverty level!!Population for whom poverty status is determined!!AGE!!18 to 64 years","Estimate!!Percent below poverty level!!Population for whom poverty status is determined!!AGE!!18 to 64 years!!18 to 34 years","Margin of Error!!Percent below poverty level!!Population for whom poverty status is determined!!AGE!!18 to 64 years!!18 to 34 years","Estimate!!Percent below poverty level!!Population for whom poverty status is determined!!AGE!!18 to 64 years!!35 to 64 years","Margin of Error!!Percent below poverty level!!Population for whom poverty status is determined!!AGE!!18 to 64 years!!35 to 64 years","Estimate!!Percent below poverty level!!Population for whom poverty status is determined!!AGE!!60 years and over","Margin of Error!!Percent below poverty level!!Population for whom poverty status is determined!!AGE!!60 years and over","Estimate!!Percent below poverty level!!Population for whom poverty status is determined!!AGE!!65 years and over","Margin of Error!!Percent below poverty level!!Population for whom poverty status is determined!!AGE!!65 years and over","Estimate!!Percent below poverty level!!Population for whom poverty status is determined!!SEX!!Male","Margin of Error!!Percent below poverty level!!Population for whom poverty status is determined!!SEX!!Male","Estimate!!Percent below poverty level!!Population for whom poverty status is determined!!SEX!!Female","Margin of Error!!Percent below poverty level!!Population for whom poverty status is determined!!SEX!!Female","Estimate!!Percent below poverty level!!Population for whom poverty status is determined!!RACE AND HISPANIC OR LATINO ORIGIN!!White alone","Margin of Error!!Percent below poverty level!!Population for whom poverty status is determined!!RACE AND HISPANIC OR LATINO ORIGIN!!White alone","Estimate!!Percent below poverty level!!Population for whom poverty status is determined!!RACE AND HISPANIC OR LATINO ORIGIN!!Black or African American alone","Margin of Error!!Percent below poverty level!!Population for whom poverty status is determined!!RACE AND HISPANIC OR LATINO ORIGIN!!Black or African American alone","Estimate!!Percent below poverty level!!Population for whom poverty status is determined!!RACE AND HISPANIC OR LATINO ORIGIN!!American Indian and Alaska Native alone","Margin of Error!!Percent below poverty level!!Population for whom poverty status is determined!!RACE AND HISPANIC OR LATINO ORIGIN!!American Indian and Alaska Native alone","Estimate!!Percent below poverty level!!Population for whom poverty status is determined!!RACE AND HISPANIC OR LATINO ORIGIN!!Asian alone","Margin of Error!!Percent below poverty level!!Population for whom poverty status is determined!!RACE AND HISPANIC OR LATINO ORIGIN!!Asian alone","Estimate!!Percent below poverty level!!Population for whom poverty status is determined!!RACE AND HISPANIC OR LATINO ORIGIN!!Native Hawaiian and Other Pacific Islander alone","Margin of Error!!Percent below poverty level!!Population for whom poverty status is determined!!RACE AND HISPANIC OR LATINO ORIGIN!!Native Hawaiian and Other Pacific Islander alone","Estimate!!Percent below poverty level!!Population for whom poverty status is determined!!RACE AND HISPANIC OR LATINO ORIGIN!!Some other race alone","Margin of Error!!Percent below poverty level!!Population for whom poverty status is determined!!RACE AND HISPANIC OR LATINO ORIGIN!!Some other race alone","Estimate!!Percent below poverty level!!Population for whom poverty status is determined!!RACE AND HISPANIC OR LATINO ORIGIN!!Two or more races","Margin of Error!!Percent below poverty level!!Population for whom poverty status is determined!!RACE AND HISPANIC OR LATINO ORIGIN!!Two or more races","Estimate!!Percent below poverty level!!Population for whom poverty status is determined!!RACE AND HISPANIC OR LATINO ORIGIN!!Hispanic or Latino origin (of any race)","Margin of Error!!Percent below poverty level!!Population for whom poverty status is determined!!RACE AND HISPANIC OR LATINO ORIGIN!!Hispanic or Latino origin (of any race)","Estimate!!Percent below poverty level!!Population for whom poverty status is determined!!RACE AND HISPANIC OR LATINO ORIGIN!!White alone, not Hispanic or Latino","Margin of Error!!Percent below poverty level!!Population for whom poverty status is determined!!RACE AND HISPANIC OR LATINO ORIGIN!!White alone, not Hispanic or Latino","Estimate!!Percent below poverty level!!Population for whom poverty status is determined!!EDUCATIONAL ATTAINMENT!!Population 25 years and over","Margin of Error!!Percent below poverty level!!Population for whom poverty status is determined!!EDUCATIONAL ATTAINMENT!!Population 25 years and over","Estimate!!Percent below poverty level!!Population for whom poverty status is determined!!EDUCATIONAL ATTAINMENT!!Population 25 years and over!!Less than high school graduate","Margin of Error!!Percent below poverty level!!Population for whom poverty status is determined!!EDUCATIONAL ATTAINMENT!!Population 25 years and over!!Less than high school graduate","Estimate!!Percent below poverty level!!Population for whom poverty status is determined!!EDUCATIONAL ATTAINMENT!!Population 25 years and over!!High school graduate (includes equivalency)","Margin of Error!!Percent below poverty level!!Population for whom poverty status is determined!!EDUCATIONAL ATTAINMENT!!Population 25 years and over!!High school graduate (includes equivalency)","Estimate!!Percent below poverty level!!Population for whom poverty status is determined!!EDUCATIONAL ATTAINMENT!!Population 25 years and over!!Some college, associate's degree","Margin of Error!!Percent below poverty level!!Population for whom poverty status is determined!!EDUCATIONAL ATTAINMENT!!Population 25 years and over!!Some college, associate's degree","Estimate!!Percent below poverty level!!Population for whom poverty status is determined!!EDUCATIONAL ATTAINMENT!!Population 25 years and over!!Bachelor's degree or higher","Margin of Error!!Percent below poverty level!!Population for whom poverty status is determined!!EDUCATIONAL ATTAINMENT!!Population 25 years and over!!Bachelor's degree or higher","Estimate!!Percent below poverty level!!Population for whom poverty status is determined!!EMPLOYMENT STATUS!!Civilian labor force 16 years and over","Margin of Error!!Percent below poverty level!!Population for whom poverty status is determined!!EMPLOYMENT STATUS!!Civilian labor force 16 years and over","Estimate!!Percent below poverty level!!Population for whom poverty status is determined!!EMPLOYMENT STATUS!!Civilian labor force 16 years and over!!Employed","Margin of Error!!Percent below poverty level!!Population for whom poverty status is determined!!EMPLOYMENT STATUS!!Civilian labor force 16 years and over!!Employed","Estimate!!Percent below poverty level!!Population for whom poverty status is determined!!EMPLOYMENT STATUS!!Civilian labor force 16 years and over!!Employed!!Male","Margin of Error!!Percent below poverty level!!Population for whom poverty status is determined!!EMPLOYMENT STATUS!!Civilian labor force 16 years and over!!Employed!!Male","Estimate!!Percent below poverty level!!Population for whom poverty status is determined!!EMPLOYMENT STATUS!!Civilian labor force 16 years and over!!Employed!!Female","Margin of Error!!Percent below poverty level!!Population for whom poverty status is determined!!EMPLOYMENT STATUS!!Civilian labor force 16 years and over!!Employed!!Female","Estimate!!Percent below poverty level!!Population for whom poverty status is determined!!EMPLOYMENT STATUS!!Civilian labor force 16 years and over!!Unemployed","Margin of Error!!Percent below poverty level!!Population for whom poverty status is determined!!EMPLOYMENT STATUS!!Civilian labor force 16 years and over!!Unemployed","Estimate!!Percent below poverty level!!Population for whom poverty status is determined!!EMPLOYMENT STATUS!!Civilian labor force 16 years and over!!Unemployed!!Male","Margin of Error!!Percent below poverty level!!Population for whom poverty status is determined!!EMPLOYMENT STATUS!!Civilian labor force 16 years and over!!Unemployed!!Male","Estimate!!Percent below poverty level!!Population for whom poverty status is determined!!EMPLOYMENT STATUS!!Civilian labor force 16 years and over!!Unemployed!!Female","Margin of Error!!Percent below poverty level!!Population for whom poverty status is determined!!EMPLOYMENT STATUS!!Civilian labor force 16 years and over!!Unemployed!!Female","Estimate!!Percent below poverty level!!Population for whom poverty status is determined!!WORK EXPERIENCE!!Population 16 years and over","Margin of Error!!Percent below poverty level!!Population for whom poverty status is determined!!WORK EXPERIENCE!!Population 16 years and over","Estimate!!Percent below poverty level!!Population for whom poverty status is determined!!WORK EXPERIENCE!!Population 16 years and over!!Worked full-time, year-round in the past 12 months","Margin of Error!!Percent below poverty level!!Population for whom poverty status is determined!!WORK EXPERIENCE!!Population 16 years and over!!Worked full-time, year-round in the past 12 months","Estimate!!Percent below poverty level!!Population for whom poverty status is determined!!WORK EXPERIENCE!!Population 16 years and over!!Worked part-time or part-year in the past 12 months","Margin of Error!!Percent below poverty level!!Population for whom poverty status is determined!!WORK EXPERIENCE!!Population 16 years and over!!Worked part-time or part-year in the past 12 months","Estimate!!Percent below poverty level!!Population for whom poverty status is determined!!WORK EXPERIENCE!!Population 16 years and over!!Did not work","Margin of Error!!Percent below poverty level!!Population for whom poverty status is determined!!WORK EXPERIENCE!!Population 16 years and over!!Did not work","Estimate!!Percent below poverty level!!Population for whom poverty status is determined!!ALL INDIVIDUALS WITH INCOME BELOW THE FOLLOWING POVERTY RATIOS!!50 percent of poverty level","Margin of Error!!Percent below poverty level!!Population for whom poverty status is determined!!ALL INDIVIDUALS WITH INCOME BELOW THE FOLLOWING POVERTY RATIOS!!50 percent of poverty level","Estimate!!Percent below poverty level!!Population for whom poverty status is determined!!ALL INDIVIDUALS WITH INCOME BELOW THE FOLLOWING POVERTY RATIOS!!125 percent of poverty level","Margin of Error!!Percent below poverty level!!Population for whom poverty status is determined!!ALL INDIVIDUALS WITH INCOME BELOW THE FOLLOWING POVERTY RATIOS!!125 percent of poverty level","Estimate!!Percent below poverty level!!Population for whom poverty status is determined!!ALL INDIVIDUALS WITH INCOME BELOW THE FOLLOWING POVERTY RATIOS!!150 percent of poverty level","Margin of Error!!Percent below poverty level!!Population for whom poverty status is determined!!ALL INDIVIDUALS WITH INCOME BELOW THE FOLLOWING POVERTY RATIOS!!150 percent of poverty level","Estimate!!Percent below poverty level!!Population for whom poverty status is determined!!ALL INDIVIDUALS WITH INCOME BELOW THE FOLLOWING POVERTY RATIOS!!185 percent of poverty level","Margin of Error!!Percent below poverty level!!Population for whom poverty status is determined!!ALL INDIVIDUALS WITH INCOME BELOW THE FOLLOWING POVERTY RATIOS!!185 percent of poverty level","Estimate!!Percent below poverty level!!Population for whom poverty status is determined!!ALL INDIVIDUALS WITH INCOME BELOW THE FOLLOWING POVERTY RATIOS!!200 percent of poverty level","Margin of Error!!Percent below poverty level!!Population for whom poverty status is determined!!ALL INDIVIDUALS WITH INCOME BELOW THE FOLLOWING POVERTY RATIOS!!200 percent of poverty level","Estimate!!Percent below poverty level!!Population for whom poverty status is determined!!ALL INDIVIDUALS WITH INCOME BELOW THE FOLLOWING POVERTY RATIOS!!300 percent of poverty level","Margin of Error!!Percent below poverty level!!Population for whom poverty status is determined!!ALL INDIVIDUALS WITH INCOME BELOW THE FOLLOWING POVERTY RATIOS!!300 percent of poverty level","Estimate!!Percent below poverty level!!Population for whom poverty status is determined!!ALL INDIVIDUALS WITH INCOME BELOW THE FOLLOWING POVERTY RATIOS!!400 percent of poverty level","Margin of Error!!Percent below poverty level!!Population for whom poverty status is determined!!ALL INDIVIDUALS WITH INCOME BELOW THE FOLLOWING POVERTY RATIOS!!400 percent of poverty level","Estimate!!Percent below poverty level!!Population for whom poverty status is determined!!ALL INDIVIDUALS WITH INCOME BELOW THE FOLLOWING POVERTY RATIOS!!500 percent of poverty level","Margin of Error!!Percent below poverty level!!Population for whom poverty status is determined!!ALL INDIVIDUALS WITH INCOME BELOW THE FOLLOWING POVERTY RATIOS!!500 percent of poverty level","Estimate!!Percent below poverty level!!UNRELATED INDIVIDUALS FOR WHOM POVERTY STATUS IS DETERMINED","Margin of Error!!Percent below poverty level!!UNRELATED INDIVIDUALS FOR WHOM POVERTY STATUS IS DETERMINED","Estimate!!Percent below poverty level!!UNRELATED INDIVIDUALS FOR WHOM POVERTY STATUS IS DETERMINED!!Male","Margin of Error!!Percent below poverty level!!UNRELATED INDIVIDUALS FOR WHOM POVERTY STATUS IS DETERMINED!!Male","Estimate!!Percent below poverty level!!UNRELATED INDIVIDUALS FOR WHOM POVERTY STATUS IS DETERMINED!!Female","Margin of Error!!Percent below poverty level!!UNRELATED INDIVIDUALS FOR WHOM POVERTY STATUS IS DETERMINED!!Female","Estimate!!Percent below poverty level!!UNRELATED INDIVIDUALS FOR WHOM POVERTY STATUS IS DETERMINED!!15 years","Margin of Error!!Percent below poverty level!!UNRELATED INDIVIDUALS FOR WHOM POVERTY STATUS IS DETERMINED!!15 years","Estimate!!Percent below poverty level!!UNRELATED INDIVIDUALS FOR WHOM POVERTY STATUS IS DETERMINED!!16 to 17 years","Margin of Error!!Percent below poverty level!!UNRELATED INDIVIDUALS FOR WHOM POVERTY STATUS IS DETERMINED!!16 to 17 years","Estimate!!Percent below poverty level!!UNRELATED INDIVIDUALS FOR WHOM POVERTY STATUS IS DETERMINED!!18 to 24 years","Margin of Error!!Percent below poverty level!!UNRELATED INDIVIDUALS FOR WHOM POVERTY STATUS IS DETERMINED!!18 to 24 years","Estimate!!Percent below poverty level!!UNRELATED INDIVIDUALS FOR WHOM POVERTY STATUS IS DETERMINED!!25 to 34 years","Margin of Error!!Percent below poverty level!!UNRELATED INDIVIDUALS FOR WHOM POVERTY STATUS IS DETERMINED!!25 to 34 years","Estimate!!Percent below poverty level!!UNRELATED INDIVIDUALS FOR WHOM POVERTY STATUS IS DETERMINED!!35 to 44 years","Margin of Error!!Percent below poverty level!!UNRELATED INDIVIDUALS FOR WHOM POVERTY STATUS IS DETERMINED!!35 to 44 years","Estimate!!Percent below poverty level!!UNRELATED INDIVIDUALS FOR WHOM POVERTY STATUS IS DETERMINED!!45 to 54 years","Margin of Error!!Percent below poverty level!!UNRELATED INDIVIDUALS FOR WHOM POVERTY STATUS IS DETERMINED!!45 to 54 years","Estimate!!Percent below poverty level!!UNRELATED INDIVIDUALS FOR WHOM POVERTY STATUS IS DETERMINED!!55 to 64 years","Margin of Error!!Percent below poverty level!!UNRELATED INDIVIDUALS FOR WHOM POVERTY STATUS IS DETERMINED!!55 to 64 years","Estimate!!Percent below poverty level!!UNRELATED INDIVIDUALS FOR WHOM POVERTY STATUS IS DETERMINED!!65 to 74 years","Margin of Error!!Percent below poverty level!!UNRELATED INDIVIDUALS FOR WHOM POVERTY STATUS IS DETERMINED!!65 to 74 years","Estimate!!Percent below poverty level!!UNRELATED INDIVIDUALS FOR WHOM POVERTY STATUS IS DETERMINED!!75 years and over","Margin of Error!!Percent below poverty level!!UNRELATED INDIVIDUALS FOR WHOM POVERTY STATUS IS DETERMINED!!75 years and over","Estimate!!Percent below poverty level!!UNRELATED INDIVIDUALS FOR WHOM POVERTY STATUS IS DETERMINED!!Mean income deficit for unrelated individuals (dollars)","Margin of Error!!Percent below poverty level!!UNRELATED INDIVIDUALS FOR WHOM POVERTY STATUS IS DETERMINED!!Mean income deficit for unrelated individuals (dollars)","Estimate!!Percent below poverty level!!UNRELATED INDIVIDUALS FOR WHOM POVERTY STATUS IS DETERMINED!!Worked full-time, year-round in the past 12 months","Margin of Error!!Percent below poverty level!!UNRELATED INDIVIDUALS FOR WHOM POVERTY STATUS IS DETERMINED!!Worked full-time, year-round in the past 12 months","Estimate!!Percent below poverty level!!UNRELATED INDIVIDUALS FOR WHOM POVERTY STATUS IS DETERMINED!!Worked less than full-time, year-round in the past 12 months","Margin of Error!!Percent below poverty level!!UNRELATED INDIVIDUALS FOR WHOM POVERTY STATUS IS DETERMINED!!Worked less than full-time, year-round in the past 12 months","Estimate!!Percent below poverty level!!UNRELATED INDIVIDUALS FOR WHOM POVERTY STATUS IS DETERMINED!!Did not work","Margin of Error!!Percent below poverty level!!UNRELATED INDIVIDUALS FOR WHOM POVERTY STATUS IS DETERMINED!!Did not work",
"1400000US25025000101","Census Tract 1.01, Suffolk County, Massachusetts","1985","289","165","138","6","13","159","136","165","138","1668","221","1196","218","472","154","203","72","152","69","927","170","1058","208","1512","243","78","88","0","13","339","145","0","13","24","28","32","29","146","93","1484","235","1461","213","30","51","185","93","117","94","1129","191","1432","208","1348","187","622","157","726","162","84","63","72","60","12","20","1855","257","1018","161","542","171","295","112","128","75","357","137","362","139","486","161","546","173","769","187","977","231","1163","227","1253","213","577","152","676","166","0","13","0","13","346","149","715","162","129","100","0","13","27","41","13","18","23","26","7915","1815","710","153","429","162","114","56","227","95","0","13","0","13","0","13","0","13","227","95","217","93","10","17","0","13","0","13","101","62","126","64","169","75","0","13","0","13","47","66","0","13","11","18","0","13","11","18","169","75","158","78","14","26","46","35","27","42","71","47","102","58","77","52","19","17","58","47","25","29","25","29","0","13","227","95","11","18","142","74","74","45","(X)","(X)","(X)","(X)","(X)","(X)","(X)","(X)","(X)","(X)","(X)","(X)","(X)","(X)","(X)","(X)","227","95","101","62","126","64","0","13","0","13","69","43","148","75","10","17","0","13","0","13","0","13","0","13","(X)","(X)","11","18","142","74","74","45","11.4","4.5","0.0","21.3","0.0","100.0","0.0","22.0","0.0","21.3","13.6","5.2","18.1","6.9","2.1","3.4","0.0","17.8","0.0","22.9","10.9","6.3","11.9","5.9","11.2","4.6","0.0","37.2","-","**","13.9","18.1","-","**","45.8","54.2","0.0","58.2","7.5","13.5","11.4","4.7","10.8","4.8","46.7","13.3","24.9","13.0","23.1","23.3","6.3","4.1","7.1","3.8","5.7","4.0","3.1","2.7","8.0","6.4","29.8","29.6","34.7","35.8","0.0","95.0","12.2","4.7","1.1","1.8","26.2","11.2","25.1","12.9","(X)","(X)","(X)","(X)","(X)","(X)","(X)","(X)","(X)","(X)","(X)","(X)","(X)","(X)","(X)","(X)","18.1","6.7","17.5","10.0","18.6","9.1","-","**","-","**","19.9","9.5","20.7","8.7","7.8","13.0","-","**","0.0","63.3","0.0","91.2","0.0","68.6","(X)","(X)","1.5","2.6","33.1","13.6","64.9","23.6",
"1400000US25025000102","Census Tract 1.02, Suffolk County, Massachusetts","3786","845","429","169","82","82","347","153","400","161","3048","816","2032","810","1016","218","438","122","309","117","1544","281","2242","755","2351","868","582","347","0","13","646","219","0","13","186","137","21","28","362","223","2143","873","2970","840","340","123","595","250","477","175","1558","867","2668","804","2620","807","996","265","1624","746","48","39","25","27","23","27","3517","825","1872","606","813","289","832","186","228","149","1063","389","1070","390","1183","399","1243","408","1850","624","2427","653","2854","878","1920","785","645","240","1275","723","0","13","0","13","189","124","1235","800","119","86","143","100","18","25","88","55","128","76","6345","2883","1131","583","524","282","265","120","896","386","105","57","0","13","105","57","105","57","688","333","546","300","142","72","103","81","103","81","272","121","624","315","378","349","421","246","0","13","74","58","0","13","23","38","0","13","141","162","272","314","499","356","113","92","32","33","108","69","246","315","430","279","425","278","26","24","399","278","5","9","0","13","5","9","855","376","73","54","379","272","403","168","(X)","(X)","(X)","(X)","(X)","(X)","(X)","(X)","(X)","(X)","(X)","(X)","(X)","(X)","(X)","(X)","509","306","99","77","410","281","0","13","0","13","133","123","254","314","0","13","30","40","9","19","30","34","53","54","(X)","(X)","8","12","376","271","125","85","23.7","7.5","24.5","17.6","0.0","36.1","30.3","20.5","26.3","19.3","22.6","7.5","26.9","9.0","14.0","6.4","23.5","15.9","33.3","19.7","17.6","7.9","27.8","8.1","16.1","11.3","72.3","24.9","-","**","11.5","9.7","-","**","12.4","18.6","0.0","71.8","39.0","30.4","12.7","11.1","16.8","9.0","33.2","23.5","5.4","6.3","22.6","12.8","15.8","14.3","16.1","7.5","16.2","7.6","2.6","2.6","24.6","9.3","10.4","18.0","0.0","65.8","21.7","40.7","24.3","7.7","3.9","3.0","46.6","20.6","48.4","15.3","(X)","(X)","(X)","(X)","(X)","(X)","(X)","(X)","(X)","(X)","(X)","(X)","(X)","(X)","(X)","(X)","26.5","10.4","15.3","12.9","32.2","10.2","-","**","-","**","70.4","24.8","20.6","16.7","0.0","27.9","21.0","32.1","50.0","50.0","34.1","33.8","41.4","29.5","(X)","(X)","0.7","1.2","71.8","18.3","47.2","21.4",
"1400000US25025000201","Census Tract 2.01, Suffolk County, Massachusetts","4414","725","709","410","353","214","356","262","709","410","3328","398","2113","304","1215","289","471","240","377","236","2090","469","2324","424","3187","415","82","56","0","13","299","132","0","13","390","304","456","420","448","176","2956","415","3276","434","309","182","249","108","463","147","2255","395","3203","435","3056","433","1413","310","1643","340","147","104","118","96","29","35","3716","449","2232","380","1049","248","435","112","523","489","786","520","967","525","1207","551","1290","552","1858","616","2349","639","2754","648","2359","357","1007","271","1352","313","0","13","0","13","359","118","1426","286","255","137","45","46","31","36","181","227","62","59","8625","1033","1415","323","712","192","232","87","673","514","262","346","72","92","190","257","262","346","374","188","210","106","164","122","49","68","37","49","379","364","294","174","344","196","33","32","0","13","48","74","0","13","12","29","236","328","32","36","324","195","345","188","203","166","11","17","32","24","99","74","171","119","143","119","96","110","47","44","28","35","10","17","18","31","411","194","31","36","162","122","218","93","(X)","(X)","(X)","(X)","(X)","(X)","(X)","(X)","(X)","(X)","(X)","(X)","(X)","(X)","(X)","(X)","279","109","113","83","166","76","0","13","0","13","66","54","106","77","36","42","22","38","12","28","7","11","30","48","(X)","(X)","20","31","88","62","171","76","15.2","10.1","37.0","34.1","20.4","22.9","53.4","41.6","37.0","34.1","11.2","5.2","9.9","4.8","13.5","9.3","10.4","14.5","9.8","14.0","18.1","14.9","12.7","6.7","10.8","5.8","40.2","29.7","-","**","16.1","23.5","-","**","3.1","8.3","51.8","38.6","7.1","7.7","11.0","6.2","10.5","5.4","65.7","27.8","4.4","7.7","6.9","6.1","4.4","3.3","5.3","3.5","4.7","3.8","6.8","7.5","2.9","2.8","19.0","24.5","8.5","16.3","62.1","60.6","11.1","4.8","1.4","1.7","15.4","10.4","50.1","14.8","(X)","(X)","(X)","(X)","(X)","(X)","(X)","(X)","(X)","(X)","(X)","(X)","(X)","(X)","(X)","(X)","11.8","4.5","11.2","8.0","12.3","6.1","-","**","-","**","18.4","13.3","7.4","5.1","14.1","15.0","48.9","51.1","38.7","61.3","3.9","9.4","48.4","51.6","(X)","(X)","1.4","2.3","12.4","8.2","73.7","17.0",
"1400000US25025000202","Census Tract 2.02, Suffolk County, Massachusetts","4187","452","901","284","150","117","751","235","901","284","2860","269","1679","259","1181","179","496","168","426","163","2005","351","2182","274","2802","526","251","188","0","13","565","218","0","13","315","218","254","202","1009","306","2417","417","2620","297","407","173","375","173","476","120","1362","294","2542","271","2436","283","1191","263","1245","196","106","78","92","76","14","20","3385","309","1760","275","891","240","734","194","311","217","1061","387","1113","382","1231","399","1265","404","1844","436","2418","496","2909","522","1821","345","841","281","980","251","0","13","0","13","488","157","760","230","207","112","85","46","75","54","54","41","152","138","7203","1792","1108","249","423","173","290","151","708","285","261","150","19","29","242","151","261","150","399","160","225","95","174","137","48","46","48","46","322","181","386","145","314","154","3","6","0","13","245","265","0","13","144","209","2","5","229","202","231","86","355","158","122","98","71","58","73","60","89","54","174","98","165","97","117","89","48","33","9","11","9","11","0","13","484","183","0","13","200","105","284","141","(X)","(X)","(X)","(X)","(X)","(X)","(X)","(X)","(X)","(X)","(X)","(X)","(X)","(X)","(X)","(X)","227","88","103","72","124","65","0","13","0","13","92","61","84","52","11","17","2","5","12","18","2","5","24","37","(X)","(X)","0","13","122","58","105","54","16.9","6.7","29.0","18.6","12.7","19.1","32.2","20.7","29.0","18.6","14.0","5.4","13.4","5.2","14.7","10.9","9.7","8.9","11.3","10.5","16.1","8.4","17.7","6.7","11.2","5.0","1.2","3.0","-","**","43.4","35.0","-","**","45.7","48.2","0.8","2.3","22.7","18.8","9.6","3.8","13.5","5.9","30.0","18.8","18.9","15.2","15.3","11.6","6.5","3.9","6.8","3.8","6.8","3.9","9.8","6.8","3.9","2.6","8.5","13.6","9.8","16.7","0.0","87.9","14.3","5.2","0.0","2.2","22.4","11.1","38.7","16.5","(X)","(X)","(X)","(X)","(X)","(X)","(X)","(X)","(X)","(X)","(X)","(X)","(X)","(X)","(X)","(X)","12.5","4.3","12.2","7.2","12.7","6.5","-","**","-","**","18.9","10.1","11.1","6.9","5.3","9.1","2.4","5.9","16.0","24.9","3.7","10.0","15.8","27.2","(X)","(X)","0.0","3.5","28.8","13.1","36.2","23.0",
"1400000US25025000301","Census Tract 3.01, Suffolk County, Massachusetts","2779","318","289","90","132","97","157","69","289","90","2290","296","1731","293","559","137","245","71","200","47","1416","221","1363","253","1976","343","248","170","0","13","212","120","0","13","200","138","143","107","353","192","1836","335","2032","265","142","130","339","130","178","95","1373","235","2091","285","2073","286","1113","222","960","253","18","19","11","13","7","12","2490","288","1642","276","510","139","338","135","46","32","144","63","237","114","388","143","388","143","659","186","1216","276","1687","338","1636","343","872","221","764","265","0","13","0","13","376","214","939","261","68","53","156","133","17","24","52","48","28","26","8575","2573","1285","313","250","103","101","59","109","55","0","13","0","13","0","13","0","13","109","55","109","55","0","13","0","13","0","13","46","38","63","33","104","54","0","13","0","13","0","13","0","13","0","13","5","9","0","13","104","54","28","32","0","13","9","15","0","13","19","30","79","46","68","43","25","31","43","27","11","13","11","13","0","13","109","55","0","13","79","45","30","26","(X)","(X)","(X)","(X)","(X)","(X)","(X)","(X)","(X)","(X)","(X)","(X)","(X)","(X)","(X)","(X)","80","50","27","26","53","36","0","13","0","13","71","47","9","15","0","13","0","13","0","13","0","13","0","13","(X)","(X)","0","13","50","36","30","26","3.9","2.0","0.0","12.9","0.0","25.7","0.0","22.2","0.0","12.9","4.8","2.4","6.3","3.4","0.0","6.9","0.0","15.0","0.0","18.0","3.2","2.7","4.6","2.5","5.3","2.8","0.0","14.9","-","**","0.0","17.1","-","**","0.0","18.0","3.5","7.6","0.0","10.7","5.7","3.2","1.4","1.6","0.0","24.2","2.7","4.5","0.0","20.0","1.4","2.2","3.8","2.2","3.3","2.1","2.2","2.8","4.5","2.8","61.1","57.3","100.0","99.2","0.0","100.0","4.4","2.2","0.0","2.4","15.5","8.1","8.9","7.9","(X)","(X)","(X)","(X)","(X)","(X)","(X)","(X)","(X)","(X)","(X)","(X)","(X)","(X)","(X)","(X)","4.9","3.0","3.1","3.0","6.9","5.0","-","**","-","**","18.9","13.0","1.0","1.6","0.0","39.9","0.0","22.4","0.0","79.8","0.0","45.6","0.0","62.2","(X)","(X)","0.0","3.1","20.0","12.3","29.7","23.3",
"1400000US25025000302","Census Tract 3.02, Suffolk County, Massachusetts","3446","659","372","226","307","231","65","56","372","226","2667","630","1637","612","1030","243","470","94","407","85","1881","439","1565","301","2224","652","254","250","0","13","702","233","45","58","136","108","85","72","307","237","2161","646","2710","629","194","119","212","141","394","151","1910","590","2562","640","2447","624","1416","415","1031","253","115","78","108","77","7","11","3086","647","1887","597","784","207","415","124","86","116","273","165","300","179","623","324","630","326","890","344","1219","363","1828","400","1339","331","843","263","496","134","0","13","0","13","232","158","545","158","273","130","75","74","44","43","72","41","98","67","6604","4373","779","220","400","163","160","94","163","143","0","13","0","13","0","13","0","13","144","137","142","138","2","4","19","22","19","22","139","135","24","23","101","82","34","55","0","13","9","11","0","13","0","13","19","27","1","2","101","82","27","23","1","2","1","3","10","16","15","18","49","41","32","30","28","29","4","7","17","27","17","27","0","13","163","143","0","13","92","80","71","88","(X)","(X)","(X)","(X)","(X)","(X)","(X)","(X)","(X)","(X)","(X)","(X)","(X)","(X)","(X)","(X)","163","143","139","135","24","23","0","13","0","13","136","137","6","11","0","13","1","2","1","3","9","14","10","16","(X)","(X)","0","13","92","80","71","88","4.7","4.2","0.0","10.2","0.0","12.2","0.0","40.8","0.0","10.2","5.4","5.2","8.7","8.4","0.2","0.4","4.0","4.5","4.7","5.2","7.4","7.1","1.5","1.5","4.5","3.9","13.4","27.3","-","**","1.3","1.6","0.0","49.0","0.0","25.1","22.4","30.0","0.3","0.8","4.7","3.9","1.0","0.9","0.5","1.2","0.5","2.0","2.5","4.3","0.8","1.0","1.9","1.6","1.3","1.2","2.0","2.1","0.4","0.6","14.8","23.7","15.7","25.3","0.0","100.0","5.3","4.7","0.0","2.1","11.7","9.5","17.1","19.0","(X)","(X)","(X)","(X)","(X)","(X)","(X)","(X)","(X)","(X)","(X)","(X)","(X)","(X)","(X)","(X)","12.2","9.7","16.5","13.8","4.8","4.9","-","**","-","**","58.6","29.1","1.1","2.1","0.0","13.6","1.3","3.6","2.3","8.6","12.5","20.0","10.2","16.9","(X)","(X)","0.0","5.0","23.0","15.3","44.4","37.1",
"1400000US25025000401","Census Tract 4.01, Suffolk County, Massachusetts","5518","627","229","127","202","110","27","33","229","127","4051","601","3119","569","932","394","1462","366","1238","332","2430","386","3088","514","3909","605","189","181","0","19","964","272","0","19","88","109","368","305","730","345","3567","529","4657","645","284","145","466","178","675","260","3232","539","3836","566","3681","560","1864","358","1817","409","155","114","70","93","85","74","5289","606","2545","419","1475","354","1269","340","564","227","1421","432","1446","427","1513","429","1625","467","2269","521","3056","572","4142","687","3634","650","1518","382","2116","538","0","19","0","19","513","176","2032","599","190","169","66","63","77","79","191","101","565","288","5290","1452","1862","457","951","315","821","348","1304","404","0","19","0","19","0","19","0","19","515","257","515","257","0","19","789","339","789","339","323","162","981","353","697","339","0","19","0","19","489","208","0","19","0","19","118","146","177","162","614","318","1136","401","180","124","140","118","178","129","638","330","363","207","363","207","82","64","281","190","0","19","0","19","0","19","1304","404","37","42","326","199","941","357","(X)","(X)","(X)","(X)","(X)","(X)","(X)","(X)","(X)","(X)","(X)","(X)","(X)","(X)","(X)","(X)","1103","410","225","143","878","365","0","19","0","19","168","96","347","240","0","19","0","19","0","19","87","78","501","286","(X)","(X)","37","42","326","199","740","348","23.6","6.1","0.0","16.0","0.0","17.9","0.0","63.3","0.0","16.0","12.7","5.5","16.5","6.6","0.0","4.2","54.0","15.3","63.7","14.6","13.3","6.5","31.8","9.1","17.8","7.2","0.0","19.0","-","**","50.7","17.1","-","**","0.0","34.6","32.1","37.6","24.2","21.0","17.2","7.7","24.4","7.0","63.4","30.8","30.0","21.7","26.4","14.4","19.7","8.8","9.5","4.6","9.9","4.7","4.4","3.2","15.5","9.3","0.0","22.5","0.0","39.3","0.0","35.4","24.7","6.3","1.5","1.6","22.1","11.5","74.2","12.2","(X)","(X)","(X)","(X)","(X)","(X)","(X)","(X)","(X)","(X)","(X)","(X)","(X)","(X)","(X)","(X)","30.4","8.5","14.8","9.2","41.5","12.6","-","**","-","**","32.7","15.1","17.1","9.0","0.0","18.9","0.0","40.5","0.0","37.5","45.5","27.6","88.7","12.0","(X)","(X)","2.0","2.2","34.3","16.7","90.1","9.6",
"1400000US25025000402","Census Tract 4.02, Suffolk County, Massachusetts","4009","843","414","119","240","115","174","47","414","119","3092","773","2024","552","1068","287","663","234","503","200","2122","640","1887","311","2928","561","69","56","0","13","381","112","0","13","256","221","375","294","488","305","2786","566","2915","611","92","58","235","130","267","111","2321","549","2500","532","2428","527","1289","385","1139","198","72","55","67","54","5","8","3599","833","1776","410","976","244","847","354","364","191","547","222","642","236","783","246","870","257","1617","396","2010","373","2369","399","1908","356","969","293","939","198","0","13","0","13","451","169","894","229","254","127","101","62","30","28","62","46","116","97","9025","1173","975","243","616","182","317","139","483","214","0","13","0","13","0","13","0","13","468","213","372","196","96","52","26","32","15","17","239","160","244","139","287","142","23","32","0","13","64","51","0","13","90","88","19","26","142","123","247","137","188","125","0","13","3","7","28","28","157","127","217","113","180","101","74","52","106","85","37","38","37","38","0","13","483","214","43","50","257","114","183","97","(X)","(X)","(X)","(X)","(X)","(X)","(X)","(X)","(X)","(X)","(X)","(X)","(X)","(X)","(X)","(X)","483","214","239","160","244","139","0","13","0","13","295","143","77","100","63","45","7","16","26","27","7","12","8","13","(X)","(X)","43","50","257","114","183","97","12.0","5.3","0.0","9.2","0.0","15.3","0.0","20.4","0.0","9.2","15.1","6.8","18.4","9.4","9.0","5.0","3.9","5.2","3.0","3.7","11.3","7.3","12.9","7.3","9.8","4.8","33.3","40.1","-","**","16.8","10.8","-","**","35.2","36.2","5.1","8.3","29.1","24.6","8.9","4.8","6.4","4.1","0.0","33.6","1.3","3.1","10.5","10.6","6.8","5.1","8.7","4.5","7.4","4.1","5.7","4.1","9.3","7.2","51.4","40.8","55.2","42.2","0.0","100.0","13.4","6.0","2.4","2.8","26.3","10.1","21.6","13.0","(X)","(X)","(X)","(X)","(X)","(X)","(X)","(X)","(X)","(X)","(X)","(X)","(X)","(X)","(X)","(X)","25.3","8.4","24.7","11.8","26.0","12.4","-","**","-","**","65.4","15.1","8.6","10.1","24.8","14.0","6.9","15.6","86.7","38.4","11.3","20.7","6.9","13.3","(X)","(X)","4.4","5.0","41.7","13.2","57.7","23.4",
"1400000US25025000502","Census Tract 5.02, Suffolk County, Massachusetts","2972","385","114","44","31","37","83","26","114","44","2484","372","1863","357","621","105","472","103","374","93","1339","330","1633","207","2235","250","80","66","0","19","475","232","0","19","119","87","63","50","282","127","2073","247","2162","311","114","134","128","59","143","60","1777","245","2089","298","2016","301","963","250","1053","146","73","54","7","8","66","56","2858","380","1501","281","725","193","632","148","314","121","821","211","872","222","948","221","1014","225","1326","266","1727","385","1981","384","2027","377","869","329","1158","195","0","19","0","19","656","222","852","263","126","51","70","39","84","51","120","51","119","43","7829","1067","1012","273","640","190","375","99","655","202","0","19","0","19","0","19","0","19","476","167","424","161","52","50","188","101","179","101","192","72","463","168","375","143","13","15","0","19","164","85","0","19","66","71","37","34","99","80","336","142","349","151","4","7","66","39","22","20","257","145","246","91","191","72","42","31","149","68","55","50","7","8","48","52","655","202","35","35","244","104","376","148","(X)","(X)","(X)","(X)","(X)","(X)","(X)","(X)","(X)","(X)","(X)","(X)","(X)","(X)","(X)","(X)","516","174","140","63","376","154","0","19","0","19","306","153","95","58","0","19","10","15","11","14","36","37","58","44","(X)","(X)","35","35","236","104","245","101","22.0","6.4","0.0","28.8","0.0","59.1","0.0","35.9","0.0","28.8","19.2","6.5","22.8","8.6","8.4","7.9","39.8","17.3","47.9","19.7","14.3","6.2","28.4","8.4","16.8","5.9","16.3","22.5","-","**","34.5","21.4","-","**","55.5","35.8","58.7","39.6","35.1","22.5","16.2","6.3","16.1","6.5","3.5","11.3","51.6","22.9","15.4","12.8","14.5","7.5","11.8","4.4","9.5","3.6","4.4","3.3","14.2","6.1","75.3","28.0","100.0","100.0","72.7","33.5","22.9","6.7","2.3","2.4","33.7","11.2","59.5","13.3","(X)","(X)","(X)","(X)","(X)","(X)","(X)","(X)","(X)","(X)","(X)","(X)","(X)","(X)","(X)","(X)","25.5","8.3","16.1","9.3","32.5","10.3","-","**","-","**","46.6","16.3","11.2","7.3","0.0","26.7","14.3","20.0","13.1","16.6","30.0","25.5","48.7","32.8","(X)","(X)","3.5","3.6","36.9","12.3","65.3","14.9",
"1400000US25025000503","Census Tract 5.03, Suffolk County, Massachusetts","2050","330","57","49","57","49","0","13","57","49","1832","328","1348","200","484","299","202","93","161","67","1076","284","974","154","1630","338","49","51","0","13","277","104","0","13","43","35","51","34","121","85","1534","332","1721","327","16","19","97","55","282","190","1326","208","1581","220","1543","217","712","143","831","143","38","29","22","24","16","18","1993","328","1173","229","456","96","364","206","136","83","314","131","367","133","467","215","506","209","658","217","975","296","1259","297","1368","316","721","286","647","143","0","13","0","13","272","108","621","136","101","48","56","48","192","277","44","39","82","34","7775","2023","789","177","295","74","284","199","271","126","0","13","0","13","0","13","0","13","271","126","220","102","51","67","41","65","0","13","163","105","108","70","207","112","0","13","0","13","48","38","0","13","0","13","16","17","17","19","190","106","153","96","0","13","10","14","79","89","64","44","89","66","89","66","23","28","66","61","0","13","0","13","0","13","271","126","63","62","61","33","147","107","(X)","(X)","(X)","(X)","(X)","(X)","(X)","(X)","(X)","(X)","(X)","(X)","(X)","(X)","(X)","(X)","251","123","150","106","101","68","0","13","0","13","118","70","82","64","0","13","0","13","51","67","0","13","0","13","(X)","(X)","63","62","61","33","127","105","13.2","5.1","0.0","43.6","0.0","43.6","-","**","0.0","43.6","14.8","5.5","16.3","7.0","10.5","9.1","20.3","27.7","0.0","21.8","15.1","7.4","11.1","6.8","12.7","5.7","0.0","47.0","-","**","17.3","12.3","-","**","0.0","50.2","31.4","28.6","14.0","17.1","12.4","5.8","8.9","4.6","0.0","82.3","10.3","15.1","28.0","19.8","4.8","3.2","5.6","4.0","5.8","4.1","3.2","3.9","7.9","7.1","0.0","53.4","0.0","70.1","0.0","82.3","13.6","5.2","5.4","5.2","13.4","6.7","40.4","15.7","(X)","(X)","(X)","(X)","(X)","(X)","(X)","(X)","(X)","(X)","(X)","(X)","(X)","(X)","(X)","(X)","18.3","7.2","20.8","10.2","15.6","10.1","-","**","-","**","43.4","17.5","13.2","9.9","0.0","31.5","0.0","44.0","26.6","10.9","0.0","49.6","0.0","36.1","(X)","(X)","8.0","7.6","20.7","9.3","44.7","19.8",
"1400000US25025000505","Census Tract 5.05, Suffolk County, Massachusetts","2265","383","145","57","0","13","145","57","145","57","1876","367","1173","353","703","184","244","156","244","156","1055","325","1210","262","1315","364","268","148","0","13","574","279","42","68","0","13","66","85","151","108","1181","351","1752","305","288","236","141","92","178","110","1145","341","1548","292","1430","266","536","159","894","231","118","114","71","101","47","56","2212","383","881","242","891","353","440","146","223","161","614","255","763","273","801","266","867","274","1155","312","1359","350","1463","346","1547","385","696","286","851","273","0","13","0","13","303","227","639","234","60","70","145","146","214","172","76","96","110","96","6471","1939","609","225","551","304","387","121","485","231","0","13","0","13","0","13","0","13","485","231","299","203","186","110","0","13","0","13","399","213","86","71","243","184","165","106","0","13","60","67","0","13","0","13","17","29","57","52","203","177","336","144","89","92","38","45","10","17","199","152","150","125","87","64","53","43","34","42","63","100","63","100","0","13","485","231","10","17","248","187","227","116","(X)","(X)","(X)","(X)","(X)","(X)","(X)","(X)","(X)","(X)","(X)","(X)","(X)","(X)","(X)","(X)","485","231","399","213","86","71","0","13","0","13","149","161","150","92","0","13","76","128","110","99","0","13","0","13","(X)","(X)","10","17","248","187","227","116","21.4","8.9","0.0","23.8","-","**","0.0","23.8","0.0","23.8","25.9","9.7","25.5","12.7","26.5","15.0","0.0","15.1","0.0","15.1","37.8","13.6","7.1","5.8","18.5","11.6","61.6","28.5","-","**","10.5","12.2","0.0","50.8","-","**","25.8","53.5","37.7","34.3","17.2","12.3","19.2","8.3","30.9","38.1","27.0","32.6","5.6","10.1","17.4","11.5","9.7","7.3","6.1","4.3","9.9","7.6","3.8","4.4","53.4","53.4","88.7","34.0","0.0","48.0","21.9","9.1","1.1","1.9","27.8","15.9","51.6","23.5","(X)","(X)","(X)","(X)","(X)","(X)","(X)","(X)","(X)","(X)","(X)","(X)","(X)","(X)","(X)","(X)","31.4","11.6","57.3","15.6","10.1","8.2","-","**","-","**","49.2","25.6","23.5","12.4","0.0","42.5","52.4","52.4","51.4","14.3","0.0","37.7","0.0","29.6","(X)","(X)","1.6","2.9","45.0","16.9","58.7","24.8",
"1400000US25025000506","Census Tract 5.06, Suffolk County, Massachusetts","2761","437","78","43","41","43","37","5","78","43","2312","446","1746","404","566","179","399","80","371","74","1280","329","1481","262","2121","379","0","13","0","13","506","175","0","13","105","113","29","29","302","227","1924","359","1997","297","38","44","123","91","178","68","1658","300","1869","438","1808","435","849","253","959","278","61","50","7","10","54","49","2683","434","1349","296","691","273","643","250","548","256","720","269","847","278","888","291","888","291","1370","408","1737","421","2013","451","2154","436","997","324","1157","267","0","13","0","13","679","331","837","239","244","128","156","68","43","44","32","34","163","69","9516","1439","1038","250","604","283","512","241","699","271","0","13","0","13","0","13","0","13","634","264","529","260","105","81","82","77","65","70","356","215","343","123","429","241","0","13","0","13","247","124","0","13","0","13","23","27","155","216","274","105","286","110","38","44","0","13","38","39","210","99","188","82","181","81","108","75","73","41","7","10","7","10","0","13","699","271","45","60","257","104","397","239","(X)","(X)","(X)","(X)","(X)","(X)","(X)","(X)","(X)","(X)","(X)","(X)","(X)","(X)","(X)","(X)","699","271","356","215","343","123","0","13","0","13","413","243","116","76","35","57","38","39","32","40","0","13","65","70","(X)","(X)","45","60","257","104","397","239","25.3","8.7","0.0","37.2","0.0","51.4","0.0","54.1","0.0","37.2","27.4","9.9","30.3","11.9","18.6","12.9","20.6","18.0","17.5","18.3","27.8","12.6","23.2","8.8","20.2","9.9","-","**","-","**","48.8","16.9","-","**","0.0","30.6","79.3","44.9","51.3","47.4","14.2","5.1","14.3","5.5","100.0","53.4","0.0","27.2","21.3","20.7","12.7","5.9","10.1","3.6","10.0","3.7","12.7","7.6","7.6","4.4","11.5","18.0","100.0","100.0","0.0","44.8","26.1","8.9","3.3","4.3","37.2","13.7","61.7","19.1","(X)","(X)","(X)","(X)","(X)","(X)","(X)","(X)","(X)","(X)","(X)","(X)","(X)","(X)","(X)","(X)","32.5","10.9","35.7","15.0","29.6","11.6","-","**","-","**","60.8","24.0","13.9","7.5","14.3","21.8","24.4","23.3","74.4","42.6","0.0","58.2","39.9","44.8","(X)","(X)","4.3","5.6","42.5","17.0","77.5","19.3",
"1400000US25025000601","Census Tract 6.01, Suffolk County, Massachusetts","3933","499","254","74","54","62","200","48","254","74","3232","393","2155","253","1077","271","745","286","447","188","1933","297","2000","318","2882","308","96","69","4","6","811","446","0","13","49","48","91","73","219","138","2751","316","3093","457","336","310","311","139","371","105","2075","284","2993","361","2939","366","1488","215","1451","290","54","32","25","23","29","25","3698","487","2326","368","691","200","681","230","276","95","451","132","493","132","612","147","801","262","1074","285","1558","310","2536","464","1988","298","945","213","1043","224","0","13","0","13","432","155","1156","276","152","70","62","54","95","83","52","52","39","55","9204","1227","1427","305","365","128","196","73","415","117","0","13","0","13","0","13","0","13","309","108","251","102","58","59","127","64","106","74","113","55","302","95","256","109","41","57","0","13","74","58","0","13","0","13","44","56","71","87","216","98","275","82","31","32","36","38","29","44","179","79","211","96","202","93","56","36","146","87","9","13","0","13","9","13","415","117","72","62","139","80","204","67","(X)","(X)","(X)","(X)","(X)","(X)","(X)","(X)","(X)","(X)","(X)","(X)","(X)","(X)","(X)","(X)","354","110","83","45","271","96","0","13","0","13","137","91","105","50","0","13","31","36","21","48","21","48","39","55","(X)","(X)","66","61","126","77","162","63","10.6","3.5","0.0","14.5","0.0","44.8","0.0","18.0","0.0","14.5","9.6","3.5","11.6","4.7","5.4","5.6","17.0","12.4","23.7","19.6","5.8","3.1","15.1","5.5","8.9","3.8","42.7","45.5","0.0","100.0","9.1","9.7","-","**","0.0","47.0","48.4","44.1","32.4","28.6","7.9","3.6","8.9","3.2","9.2","18.1","11.6","13.4","7.8","11.2","8.6","3.9","7.0","3.2","6.9","3.2","3.8","2.5","10.1","6.1","16.7","23.8","0.0","65.8","31.0","42.9","11.2","3.7","3.1","2.6","20.1","9.2","30.0","15.1","(X)","(X)","(X)","(X)","(X)","(X)","(X)","(X)","(X)","(X)","(X)","(X)","(X)","(X)","(X)","(X)","17.8","6.2","8.8","5.2","26.0","9.7","-","**","-","**","31.7","16.6","9.1","4.6","0.0","22.9","50.0","47.5","22.1","46.1","40.4","59.6","100.0","52.7","(X)","(X)","4.6","4.2","34.5","17.1","82.7","17.0",
"1400000US25025000603","Census Tract 6.03, Suffolk County, Massachusetts","1439","329","162","61","49","41","113","53","162","61","1117","320","615","287","502","156","260","143","160","95","652","164","787","234","423","140","132","122","43","41","574","328","0","13","246","172","21","32","179","134","423","140","1017","164","91","83","183","93","229","131","514","161","734","214","724","210","406","161","318","108","10","20","0","13","10","20","1318","331","479","158","303","151","536","237","132","160","701","261","836","351","850","351","865","356","915","350","981","343","1194","343","663","313","289","148","374","222","0","13","0","13","220","263","115","94","51","54","129","109","94","108","40","29","14","23","N","N","232","131","125","113","306","204","597","247","105","37","30","35","75","49","105","37","386","224","149","163","237","142","195","139","106","94","173","95","424","213","70","57","82","94","29","32","322","234","0","13","94","108","0","13","120","107","70","57","343","163","43","71","147","105","75","80","78","87","54","45","54","45","0","13","54","45","0","13","0","13","0","13","514","249","0","13","54","45","460","240","(X)","(X)","(X)","(X)","(X)","(X)","(X)","(X)","(X)","(X)","(X)","(X)","(X)","(X)","(X)","(X)","283","197","56","65","227","195","0","13","0","13","119","159","0","13","0","13","43","64","94","108","13","21","14","23","(X)","(X)","0","13","7","13","276","201","41.5","13.1","64.8","32.8","61.2","54.6","66.4","33.6","64.8","32.8","34.6","14.7","24.2","18.7","47.2","23.9","75.0","21.6","66.3","28.2","26.5","15.2","53.9","16.4","16.5","13.1","62.1","54.4","67.4","46.3","56.1","21.6","-","**","38.2","36.4","0.0","71.8","67.0","38.9","16.5","13.1","33.7","15.1","47.3","52.2","80.3","23.9","32.8","28.6","15.2","14.9","7.4","6.4","7.5","6.4","0.0","9.4","17.0","12.3","0.0","100.0","-","**","0.0","100.0","39.0","13.9","0.0","8.0","17.8","15.7","85.8","11.6","(X)","(X)","(X)","(X)","(X)","(X)","(X)","(X)","(X)","(X)","(X)","(X)","(X)","(X)","(X)","(X)","42.7","16.6","19.4","22.3","60.7","25.4","-","**","-","**","54.1","18.1","0.0","28.6","0.0","46.1","33.3","48.0","100.0","33.1","32.5","42.6","100.0","87.9","(X)","(X)","0.0","15.8","5.6","15.4","90.2","13.9",
"1400000US25025000604","Census Tract 6.04, Suffolk County, Massachusetts","2368","363","168","81","30","32","138","76","168","81","1951","332","1476","332","475","201","296","111","249","128","1281","310","1087","193","1572","351","30","48","0","13","579","295","0","13","131","111","56","67","385","278","1308","307","1607","314","49","46","258","129","140","84","1160","341","1563","304","1496","295","736","214","760","231","67","69","38","37","29","39","2221","336","839","215","848","262","534","210","378","218","800","289","800","289","900","304","962","298","1255","306","1602","336","1880","359","1611","316","829","247","782","209","0","13","0","13","585","209","622","208","100","88","80","78","47","74","32","28","145","115","6948","1400","627","178","649","232","335","142","680","273","56","61","18","29","38","45","56","61","556","243","466","220","90","97","115","67","68","64","429","201","251","114","276","128","0","13","0","13","324","212","0","13","42","56","38","42","99","74","209","110","393","208","0","13","100","89","20","29","273","197","264","138","222","131","117","79","105","89","42","44","13","20","29","39","624","245","18","29","307","159","299","184","(X)","(X)","(X)","(X)","(X)","(X)","(X)","(X)","(X)","(X)","(X)","(X)","(X)","(X)","(X)","(X)","457","171","294","144","163","81","0","13","0","13","223","104","119","86","0","13","0","13","47","74","16","25","52","55","(X)","(X)","18","29","250","139","189","103","28.7","10.6","33.3","35.7","60.0","60.0","27.5","35.1","33.3","35.7","28.5","11.1","31.6","12.6","18.9","20.4","38.9","19.3","27.3","19.6","33.5","12.8","23.1","11.3","17.6","7.8","0.0","60.1","-","**","56.0","21.3","-","**","32.1","56.8","67.9","36.6","25.7","28.8","16.0","7.4","24.5","12.1","0.0","47.0","38.8","28.2","14.3","18.7","23.5","15.6","16.9","8.4","14.8","8.6","15.9","10.2","13.8","11.6","62.7","23.2","34.2","49.0","100.0","61.1","28.1","10.1","2.1","3.6","36.2","17.7","56.0","18.4","(X)","(X)","(X)","(X)","(X)","(X)","(X)","(X)","(X)","(X)","(X)","(X)","(X)","(X)","(X)","(X)","28.4","8.9","35.5","12.8","20.8","11.1","-","**","-","**","38.1","17.3","19.1","12.5","0.0","31.7","0.0","36.7","100.0","48.0","50.0","50.0","35.9","17.2","(X)","(X)","2.9","4.5","38.5","19.8","56.4","17.0",
"1400000US25025000701","Census Tract 7.01, Suffolk County, Massachusetts","4548","914","30","43","0","13","30","43","30","43","4259","916","3572","932","687","177","398","110","259","76","2371","712","2177","507","3193","847","351","300","34","52","811","238","0","13","67","98","92","57","366","168","2964","848","3685","888","86","63","342","144","279","139","2978","851","3952","921","3570","702","1742","483","1828","490","382","299","344","296","38","32","4522","914","2339","468","1687","565","496","136","428","245","830","267","1021","326","1324","388","1467","410","2099","630","2864","733","3490","958","3527","930","1793","714","1734","486","0","13","0","13","742","236","2365","912","144","81","31","36","67","62","135","76","43","46","7104","1600","1788","480","1424","558","315","126","753","264","0","13","0","13","0","13","0","13","698","264","658","263","40","43","57","58","55","58","327","153","426","210","572","243","39","60","34","52","97","62","0","13","4","9","7","13","54","45","522","241","451","226","42","41","4","4","34","52","371","205","533","255","471","237","153","110","318","192","62","77","48","74","14","21","753","264","36","34","553","227","164","107","(X)","(X)","(X)","(X)","(X)","(X)","(X)","(X)","(X)","(X)","(X)","(X)","(X)","(X)","(X)","(X)","753","264","327","153","426","210","0","13","0","13","302","157","356","213","35","43","2","5","3","4","54","58","1","3","(X)","(X)","36","34","553","227","164","107","16.6","4.5","0.0","60.1","-","**","0.0","60.1","0.0","60.1","16.4","4.8","18.4","5.6","5.8","6.3","14.3","13.6","21.2","20.2","13.8","6.3","19.6","8.8","17.9","5.4","11.1","18.9","100.0","56.4","12.0","7.4","-","**","6.0","24.4","7.6","13.7","14.8","13.0","17.6","5.6","12.2","4.5","48.8","38.2","1.2","1.3","12.2","17.3","12.5","5.1","13.5","4.8","13.2","5.4","8.8","5.8","17.4","9.8","16.2","20.9","14.0","22.0","36.8","52.4","16.7","4.5","1.5","1.4","32.8","8.4","33.1","16.7","(X)","(X)","(X)","(X)","(X)","(X)","(X)","(X)","(X)","(X)","(X)","(X)","(X)","(X)","(X)","(X)","21.3","5.8","18.2","9.3","24.6","11.1","-","**","-","**","40.7","14.1","15.1","6.4","24.3","27.5","6.5","21.9","4.5","8.2","40.0","32.4","2.3","7.2","(X)","(X)","2.0","1.8","38.8","9.8","52.1","22.0",
"1400000US25025000703","Census Tract 7.03, Suffolk County, Massachusetts","1919","262","0","13","0","13","0","13","0","13","1878","261","1746","264","132","45","51","29","41","26","1055","275","864","152","1194","263","62","48","0","13","557","132","0","13","22","23","84","35","313","149","934","185","1139","204","26","19","16","12","119","63","978","186","1355","243","1249","220","743","200","506","120","106","123","76","116","30","38","1919","262","702","172","831","163","386","108","582","139","768","153","803","162","984","206","994","206","1225","253","1443","261","1600","269","1674","248","912","258","762","151","0","13","0","13","769","201","797","174","42","32","39","21","11","13","16","18","0","13","9694","915","583","144","756","166","335","102","717","156","0","13","0","13","0","13","0","13","717","156","706","157","11","13","10","13","0","13","245","106","472","129","318","109","32","40","0","13","351","113","0","13","0","13","16","16","122","77","217","81","230","93","1","2","0","13","1","2","228","93","278","103","268","102","63","46","205","85","10","16","0","13","10","16","717","156","7","9","381","124","329","101","(X)","(X)","(X)","(X)","(X)","(X)","(X)","(X)","(X)","(X)","(X)","(X)","(X)","(X)","(X)","(X)","689","153","231","103","458","130","0","13","0","13","487","142","191","83","0","13","0","13","11","13","0","13","0","13","(X)","(X)","7","9","381","124","301","95","37.4","7.6","-","**","-","**","-","**","-","**","38.2","7.7","40.4","8.4","8.3","9.2","19.6","23.6","0.0","51.4","23.2","7.8","54.6","10.0","26.6","8.1","51.6","41.4","-","**","63.0","13.6","-","**","0.0","70.1","19.0","17.4","39.0","17.0","23.2","8.4","20.2","8.3","3.8","9.6","0.0","82.3","0.8","2.0","23.3","9.7","20.5","7.4","21.5","7.3","8.5","5.3","40.5","11.0","9.4","22.1","0.0","37.7","33.3","58.3","37.4","7.6","1.0","1.4","45.8","11.7","85.2","9.9","(X)","(X)","(X)","(X)","(X)","(X)","(X)","(X)","(X)","(X)","(X)","(X)","(X)","(X)","(X)","(X)","41.2","8.0","25.3","8.3","60.1","10.2","-","**","-","**","63.3","10.5","24.0","10.1","0.0","50.8","0.0","52.7","100.0","99.2","0.0","82.3","-","**","(X)","(X)","1.2","1.6","50.4","12.6","89.9","10.1",
"1400000US25025000704","Census Tract 7.04, Suffolk County, Massachusetts","4145","392","157","125","0","13","157","125","157","125","3833","359","3259","357","574","267","230","140","155","98","1726","236","2419","312","2017","294","401","135","0","13","1282","267","0","13","285","180","160","83","528","291","1898","289","2976","377","72","103","180","137","312","155","2412","338","2962","375","2924","367","1232","235","1692","308","38","48","38","48","0","13","3988","374","2073","325","1046","223","869","260","898","247","1087","282","1112","284","1347","297","1411","305","1891","340","2642","376","2980","373","3031","320","1209","225","1822","291","0","13","0","13","1005","241","1610","261","142","98","92","109","86","72","96","70","0","13","10833","643","1447","287","850","208","734","236","1058","278","0","13","0","13","0","13","0","13","992","255","973","253","19","33","85","106","66","77","282","106","776","250","342","135","50","49","0","13","560","239","0","13","59","102","47","46","95","110","318","131","451","194","72","103","13","22","29","48","337","172","283","130","271","129","68","57","203","113","12","29","12","29","0","13","1058","278","11","18","333","134","714","241","(X)","(X)","(X)","(X)","(X)","(X)","(X)","(X)","(X)","(X)","(X)","(X)","(X)","(X)","(X)","(X)","999","262","263","102","736","244","0","13","0","13","607","191","366","175","0","13","0","13","0","13","26","34","0","13","(X)","(X)","11","18","314","128","674","234","25.5","6.1","0.0","22.2","-","**","0.0","22.2","0.0","22.2","25.9","6.3","29.9","7.0","3.3","6.0","37.0","34.3","42.6","33.5","16.3","5.6","32.1","8.9","17.0","6.0","12.5","10.7","-","**","43.7","15.3","-","**","20.7","31.8","29.4","24.0","18.0","21.1","16.8","6.2","15.2","6.1","100.0","38.8","7.2","13.4","9.3","15.5","14.0","6.6","9.6","4.1","9.3","4.0","5.5","4.5","12.0","6.0","31.6","68.4","31.6","68.4","-","**","26.5","6.4","0.5","0.9","31.8","9.2","82.2","12.5","(X)","(X)","(X)","(X)","(X)","(X)","(X)","(X)","(X)","(X)","(X)","(X)","(X)","(X)","(X)","(X)","33.0","7.9","21.8","8.4","40.4","10.8","-","**","-","**","60.4","10.3","22.7","10.3","0.0","24.2","0.0","33.6","0.0","35.1","27.1","26.5","-","**","(X)","(X)","0.8","1.2","36.9","10.0","91.8","8.5",
"1400000US25025000804","Census Tract 8.04, Suffolk County, Massachusetts","3718","755","503","309","111","128","392","257","503","309","3027","602","1668","456","1359","410","260","127","188","93","2010","594","1708","410","2066","680","311","152","0","13","666","279","0","13","398","281","277","246","458","281","1926","649","2647","667","274","213","485","368","510","239","1378","452","2185","465","2160","452","1145","425","1015","274","25","35","0","13","25","35","3333","605","1656","365","835","429","842","277","139","104","533","346","627","353","1088","646","1163","649","1882","749","2015","744","2535","861","1784","546","1019","517","765","264","0","13","0","13","468","238","805","480","238","202","76","87","79","72","92","66","26","43","7570","2469","914","328","587","400","283","138","453","267","0","13","0","13","0","13","0","13","418","252","310","178","108","105","35","46","35","46","311","195","142","109","165","136","10","22","0","13","163","125","0","13","103","154","12","19","132","159","136","109","314","228","147","173","41","48","22","35","104","108","151","118","151","118","70","69","81","79","0","13","0","13","0","13","453","267","38","45","144","118","271","169","(X)","(X)","(X)","(X)","(X)","(X)","(X)","(X)","(X)","(X)","(X)","(X)","(X)","(X)","(X)","(X)","296","188","221","159","75","75","0","13","0","13","107","100","113","108","19","27","22","32","0","13","9","13","26","43","(X)","(X)","16","27","99","96","181","128","12.2","6.8","0.0","7.6","0.0","29.4","0.0","9.7","0.0","7.6","13.8","7.5","18.6","9.2","7.9","7.7","13.5","16.6","18.6","21.9","15.5","8.4","8.3","6.6","8.0","6.2","3.2","7.7","-","**","24.5","17.8","-","**","25.9","32.7","4.3","7.9","28.8","30.3","7.1","5.6","11.9","7.8","53.6","36.6","8.5","10.9","4.3","6.9","7.5","7.0","6.9","5.0","7.0","5.1","6.1","5.8","8.0","7.6","0.0","65.8","-","**","0.0","65.8","13.6","7.2","2.3","2.8","17.2","13.6","32.2","17.7","(X)","(X)","(X)","(X)","(X)","(X)","(X)","(X)","(X)","(X)","(X)","(X)","(X)","(X)","(X)","(X)","16.6","9.7","21.7","13.1","9.8","11.0","-","**","-","**","22.9","22.2","14.0","11.0","8.0","13.2","28.9","44.5","0.0","36.9","9.8","17.6","100.0","64.5","(X)","(X)","1.8","3.1","16.9","18.1","64.0","24.5",
"1400000US25025000805","Census Tract 8.05, Suffolk County, Massachusetts","2844","328","18","72","7","25","11","48","18","72","2627","345","2371","317","256","134","264","94","199","88","1654","313","1190","221","1566","273","83","67","0","13","875","238","0","13","239","185","81","57","287","188","1511","271","1560","300","121","87","107","112","68","65","1264","296","1929","344","1785","354","868","257","917","222","144","88","113","82","31","31","2826","320","1106","299","953","260","767","192","869","210","1171","271","1259","278","1382","284","1449","273","1789","276","2036","283","2208","292","2382","293","1435","299","947","194","0","13","0","13","1247","254","933","250","34","42","39","45","31","50","53","43","45","57","9646","759","845","266","883","253","654","191","1143","263","18","72","7","25","11","48","18","72","1039","245","1033","243","6","25","86","68","86","68","746","243","397","148","491","146","36","41","0","13","546","184","0","13","70","128","0","13","70","128","491","146","303","137","72","80","0","13","0","13","231","117","516","151","409","136","231","95","178","94","107","75","86","70","21","26","1125","244","10","41","584","211","531","185","(X)","(X)","(X)","(X)","(X)","(X)","(X)","(X)","(X)","(X)","(X)","(X)","(X)","(X)","(X)","(X)","1115","242","735","242","380","127","0","13","0","13","818","218","211","115","0","13","0","13","0","13","41","40","45","57","(X)","(X)","0","13","584","211","531","185","40.2","9.7","100.0","77.5","100.0","100.0","100.0","99.2","100.0","77.5","39.6","9.6","43.6","10.3","2.3","10.1","32.6","22.8","43.2","27.0","45.1","12.9","33.4","11.0","31.4","10.6","43.4","47.4","-","**","62.4","14.4","-","**","29.3","58.7","0.0","36.4","24.4","44.5","32.5","11.1","19.4","9.3","59.5","41.8","0.0","30.2","0.0","39.9","18.3","9.6","26.7","8.2","22.9","7.7","26.6","11.8","19.4","9.0","74.3","28.0","76.1","33.1","67.7","50.0","39.8","9.4","0.9","3.8","61.3","13.6","69.2","14.8","(X)","(X)","(X)","(X)","(X)","(X)","(X)","(X)","(X)","(X)","(X)","(X)","(X)","(X)","(X)","(X)","46.8","10.6","51.2","13.6","40.1","13.0","-","**","-","**","65.6","12.1","22.6","12.2","0.0","56.4","0.0","52.7","0.0","59.1","77.4","36.9","100.0","49.0","(X)","(X)","0.0","4.6","66.1","14.0","81.2","14.9",
"1400000US25025000806","Census Tract 8.06, Suffolk County, Massachusetts","1240","229","82","69","66","62","16","23","82","69","1133","214","1025","184","108","75","25","18","25","18","546","139","694","161","569","139","166","105","0","13","433","160","0","13","47","56","25","22","106","75","509","130","1106","209","0","13","12","12","22","34","1072","208","486","156","420","142","241","86","179","86","66","77","40","49","26","29","1158","213","286","137","515","112","357","146","333","182","453","216","494","216","509","211","544","215","643","224","797","208","911","203","825","166","340","110","485","127","0","13","0","13","30","22","739","157","45","43","0","13","11","20","0","13","0","13","10156","1255","177","53","400","92","248","135","436","216","49","67","49","67","0","13","49","67","387","186","356","177","31","38","0","13","0","13","143","87","293","164","158","114","39","50","0","13","204","152","0","13","35","53","0","13","57","63","136","97","375","185","0","13","7","10","22","34","346","178","69","43","69","43","24","27","45","35","0","13","0","13","0","13","387","186","11","9","89","53","287","143","(X)","(X)","(X)","(X)","(X)","(X)","(X)","(X)","(X)","(X)","(X)","(X)","(X)","(X)","(X)","(X)","324","174","103","79","221","133","0","13","0","13","10","12","283","162","31","38","0","13","0","13","0","13","0","13","(X)","(X)","11","9","81","53","232","131","35.2","14.0","59.8","48.3","74.2","44.9","0.0","82.3","59.8","48.3","34.2","13.4","34.7","13.6","28.7","31.9","0.0","65.8","0.0","65.8","26.2","12.7","42.2","17.5","27.8","16.8","23.5","24.5","-","**","47.1","24.8","-","**","74.5","41.4","0.0","65.8","53.8","35.5","26.7","16.0","33.9","13.4","-","**","58.3","58.3","100.0","70.1","32.3","13.3","14.2","9.4","16.4","10.9","10.0","10.4","25.1","19.6","0.0","40.5","0.0","52.0","0.0","64.5","33.4","13.1","3.8","3.8","17.3","10.4","80.4","10.8","(X)","(X)","(X)","(X)","(X)","(X)","(X)","(X)","(X)","(X)","(X)","(X)","(X)","(X)","(X)","(X)","39.3","15.0","30.3","16.7","45.6","18.8","-","**","-","**","33.3","34.9","38.3","15.8","68.9","36.8","-","**","0.0","99.2","-","**","-","**","(X)","(X)","6.2","5.3","20.3","12.7","93.5","5.9",
"1400000US25025000807","Census Tract 8.07, Suffolk County, Massachusetts","49","22","0","13","0","13","0","13","0","13","49","22","16","21","33","25","0","13","0","13","38","32","11","24","22","35","21","25","0","13","0","13","0","13","6","15","0","13","6","15","22","35","43","25","10","24","10","23","23","36","0","13","33","25","0","13","0","13","0","13","33","25","22","25","11","24","49","22","0","13","0","13","49","22","17","29","39","34","39","34","49","22","49","22","49","22","49","22","49","22","49","22","38","32","11","24","0","13","0","13","6","15","10","23","0","13","21","25","12","26","0","13","0","13","N","N","0","13","0","13","49","22","39","34","0","13","0","13","0","13","0","13","39","34","16","21","23","36","0","13","0","13","28","33","11","24","22","35","11","24","0","13","0","13","0","13","6","15","0","13","6","15","22","35","33","35","0","13","10","23","23","36","0","13","23","36","0","13","0","13","0","13","23","36","12","26","11","24","39","34","0","13","0","13","39","34","(X)","(X)","(X)","(X)","(X)","(X)","(X)","(X)","(X)","(X)","(X)","(X)","(X)","(X)","(X)","(X)","39","34","28","33","11","24","0","13","0","13","6","15","10","23","0","13","11","24","12","26","0","13","0","13","(X)","(X)","0","13","0","13","39","34","79.6","52.2","-","**","-","**","-","**","-","**","79.6","52.2","100.0","82.2","69.7","69.7","-","**","-","**","73.7","64.8","100.0","99.2","100.0","70.1","52.4","52.4","-","**","-","**","-","**","100.0","100.0","-","**","100.0","100.0","100.0","70.1","76.7","64.2","0.0","100.0","100.0","100.0","100.0","68.6","-","**","69.7","69.7","-","**","-","**","-","**","69.7","69.7","54.5","54.5","100.0","99.2","79.6","52.2","-","**","-","**","79.6","52.2","(X)","(X)","(X)","(X)","(X)","(X)","(X)","(X)","(X)","(X)","(X)","(X)","(X)","(X)","(X)","(X)","79.6","52.2","73.7","64.8","100.0","99.2","-","**","-","**","100.0","100.0","100.0","100.0","-","**","52.4","52.4","100.0","95.0","-","**","-","**","(X)","(X)","-","**","-","**","79.6","52.2",
"1400000US25025010103","Census Tract 101.03, Suffolk County, Massachusetts","580","116","0","13","0","13","0","13","0","13","570","116","383","75","187","94","14","13","10","11","298","89","282","69","336","107","22","24","4","12","182","73","0","13","0","13","36","37","69","58","267","73","427","122","0","13","16","20","41","50","370","100","393","116","342","94","199","79","143","50","51","54","18","23","33","48","580","116","198","83","237","70","145","67","150","49","208","50","223","54","234","59","234","59","347","75","366","72","368","72","422","72","224","76","198","53","0","13","0","13","153","50","202","65","19","20","32","29","12","19","0","13","4","6","8912","1365","89","40","237","70","96","40","202","50","0","13","0","13","0","13","0","13","202","50","185","44","17","23","4","6","0","13","92","43","110","44","77","36","1","2","4","12","109","46","0","13","0","13","11","18","7","10","70","34","86","40","0","13","12","19","1","3","73","36","90","37","79","32","29","22","50","28","11","12","11","12","0","13","202","50","0","13","134","38","68","36","(X)","(X)","(X)","(X)","(X)","(X)","(X)","(X)","(X)","(X)","(X)","(X)","(X)","(X)","(X)","(X)","202","50","92","43","110","44","0","13","0","13","116","43","69","33","2","4","3","14","12","19","0","13","0","13","(X)","(X)","0","13","134","38","68","36","34.8","10.9","-","**","-","**","-","**","-","**","35.4","11.2","48.3","13.2","9.1","12.1","28.6","38.2","0.0","100.0","30.9","13.4","39.0","15.3","22.9","12.5","4.5","12.4","100.0","100.0","59.9","21.9","-","**","-","**","30.6","29.9","10.1","17.2","26.2","13.0","20.1","10.4","-","**","75.0","41.7","2.4","6.9","19.7","9.9","22.9","11.2","23.1","11.1","14.6","11.3","35.0","17.2","21.6","28.9","61.1","25.8","0.0","57.3","34.8","10.9","0.0","18.2","56.5","16.7","46.9","23.3","(X)","(X)","(X)","(X)","(X)","(X)","(X)","(X)","(X)","(X)","(X)","(X)","(X)","(X)","(X)","(X)","47.9","12.0","41.1","17.2","55.6","16.5","-","**","-","**","75.8","15.0","34.2","17.7","10.5","24.0","9.4","41.5","100.0","95.0","-","**","0.0","100.0","(X)","(X)","0.0","34.3","56.5","16.7","70.8","20.8",
"1400000US25025010104","Census Tract 101.04, Suffolk County, Massachusetts","2753","327","114","65","76","49","38","39","114","65","2263","288","1623","254","640","147","514","185","376","163","1136","239","1617","219","2126","312","72","49","5","38","406","133","0","19","16","27","128","100","315","139","1894","297","2124","274","91","63","132","63","83","61","1818","265","1800","242","1758","240","742","159","1016","159","42","44","25","38","17","20","2639","315","1203","204","883","202","553","163","407","129","761","223","806","230","909","234","909","234","1079","231","1346","234","1492","265","1759","302","614","180","1145","235","0","19","0","19","502","180","807","188","112","74","64","64","112","75","66","57","96","85","8440","1147","744","179","614","162","401","157","734","226","22","33","22","33","0","19","22","33","615","206","510","177","105","93","148","100","97","92","171","82","563","212","495","183","28","43","5","38","158","83","0","19","16","27","32","50","88","75","455","180","376","143","40","41","56","68","14","18","266","124","183","89","183","89","53","38","130","80","0","19","0","19","0","19","712","224","24","29","304","138","384","152","(X)","(X)","(X)","(X)","(X)","(X)","(X)","(X)","(X)","(X)","(X)","(X)","(X)","(X)","(X)","(X)","691","226","149","79","542","213","0","19","0","19","336","160","153","74","10","19","39","53","56","64","18","40","79","83","(X)","(X)","24","29","283","136","384","152","26.7","7.1","19.3","26.9","28.9","37.1","0.0","53.4","19.3","26.9","27.2","7.5","31.4","8.7","16.4","13.1","28.8","16.1","25.8","20.5","15.1","5.9","34.8","10.2","23.3","7.8","38.9","50.7","100.0","100.0","38.9","17.4","-","**","100.0","82.2","25.0","25.0","27.9","17.2","24.0","8.7","17.7","6.2","44.0","33.3","42.4","49.0","16.9","19.1","14.6","6.4","10.2","4.6","10.4","4.7","7.1","4.7","12.8","7.4","0.0","50.8","0.0","65.8","0.0","79.8","27.0","7.3","2.0","2.4","34.4","12.3","69.4","16.0","(X)","(X)","(X)","(X)","(X)","(X)","(X)","(X)","(X)","(X)","(X)","(X)","(X)","(X)","(X)","(X)","39.3","8.9","24.3","9.5","47.3","11.5","-","**","-","**","66.9","15.6","19.0","8.2","8.9","18.2","60.9","52.5","50.0","37.9","27.3","51.0","82.3","25.6","(X)","(X)","3.2","3.9","46.1","14.4","95.8","4.8",
"1400000US25025010204","Census Tract 102.04, Suffolk County, Massachusetts","1916","302","33","15","26","7","7","14","33","15","1817","307","1370","239","447","225","124","81","66","47","926","221","990","205","1362","318","34","54","31","49","422","122","0","13","16","20","51","35","151","75","1241","311","1245","293","59","67","72","70","41","36","1073","291","1175","286","1141","284","503","185","638","181","34","41","12","18","22","37","1883","302","923","273","387","101","573","196","539","201","672","198","711","202","851","223","880","223","1030","216","1202","212","1478","209","1597","294","745","209","852","202","0","13","0","13","601","188","583","189","141","90","155","127","63","62","9","14","45","49","10549","1210","816","270","350","104","431","179","655","199","0","13","0","13","0","13","0","13","640","201","505","169","135","103","73","71","15","20","310","124","345","129","309","151","34","54","31","49","250","115","0","13","0","13","31","27","76","57","247","139","184","104","45","59","43","53","3","8","93","74","198","95","172","92","77","78","95","50","26","30","12","18","14","24","655","199","31","49","222","85","402","176","(X)","(X)","(X)","(X)","(X)","(X)","(X)","(X)","(X)","(X)","(X)","(X)","(X)","(X)","(X)","(X)","596","188","281","121","315","123","0","13","0","13","471","171","34","31","0","13","43","53","45","59","0","13","3","8","(X)","(X)","31","49","222","85","343","162","34.2","9.8","0.0","57.3","0.0","64.5","0.0","100.0","0.0","57.3","35.2","10.4","36.9","11.2","30.2","20.9","58.9","34.2","22.7","28.5","33.5","12.4","34.8","12.0","22.7","10.4","100.0","56.4","100.0","59.1","59.2","16.0","-","**","0.0","82.3","60.8","36.3","50.3","26.5","19.9","10.6","14.8","8.4","76.3","34.6","59.7","44.2","7.3","17.7","8.7","7.1","16.9","8.1","15.1","8.1","15.3","13.6","14.9","9.0","76.5","21.9","100.0","95.0","63.6","14.9","34.8","10.0","3.4","5.3","57.4","15.0","70.2","16.1","(X)","(X)","(X)","(X)","(X)","(X)","(X)","(X)","(X)","(X)","(X)","(X)","(X)","(X)","(X)","(X)","37.3","10.4","37.7","13.0","37.0","13.7","-","**","-","**","78.4","11.1","5.8","5.1","0.0","24.3","27.7","31.2","71.4","45.7","0.0","100.0","6.7","21.4","(X)","(X)","3.8","6.1","63.4","14.4","79.6","14.5",
"1400000US25025010205","Census Tract 102.05, Suffolk County, Massachusetts","3731","589","327","262","168","143","159","154","327","262","3184","496","2208","329","976","421","362","140","220","68","1887","286","1844","465","2024","561","114","83","0","13","1150","328","0","13","56","77","387","399","181","133","1899","558","2880","546","74","55","148","107","196","99","2462","533","2406","490","2367","485","1176","261","1191","399","39","37","39","37","0","13","3418","503","1729","490","889","216","800","220","1059","419","1331","418","1367","416","1595","458","1603","460","1737","458","1967","455","2206","473","2226","466","1165","269","1061","397","0","13","0","13","414","167","1059","269","417","391","59","93","77","82","101","72","99","60","9209","1202","947","454","680","214","599","197","1302","416","205","237","104","112","101","155","205","237","951","251","762","242","189","172","189","104","146","63","666","241","636","277","439","195","19","30","0","13","457","203","0","13","0","13","387","399","65","62","374","171","671","241","70","52","56","59","111","102","434","240","345","194","345","194","154","171","191","108","0","13","0","13","0","13","1097","262","13","23","524","213","560","193","(X)","(X)","(X)","(X)","(X)","(X)","(X)","(X)","(X)","(X)","(X)","(X)","(X)","(X)","(X)","(X)","879","225","454","192","425","149","0","13","0","13","329","154","336","196","45","73","0","13","43","71","47","43","79","61","(X)","(X)","13","23","401","191","465","180","34.9","10.1","62.7","36.5","61.9","46.1","63.5","51.8","62.7","36.5","29.9","8.5","34.5","9.6","19.4","17.9","52.2","18.8","66.4","25.5","35.3","10.6","34.5","14.1","21.7","9.9","16.7","20.7","-","**","39.7","14.2","-","**","0.0","44.0","100.0","9.8","35.9","35.1","19.7","9.5","23.3","8.3","94.6","17.6","37.8","35.9","56.6","34.0","17.6","9.5","14.3","8.2","14.6","8.3","13.1","13.2","16.0","10.5","0.0","52.7","0.0","52.7","-","**","32.1","8.3","0.8","1.3","58.9","15.0","70.0","13.3","(X)","(X)","(X)","(X)","(X)","(X)","(X)","(X)","(X)","(X)","(X)","(X)","(X)","(X)","(X)","(X)","39.5","11.9","39.0","13.4","40.1","19.6","-","**","-","**","79.5","14.8","31.7","15.7","10.8","23.1","0.0","42.8","55.8","54.8","46.5","30.7","79.8","33.4","(X)","(X)","1.4","2.4","59.0","17.4","77.6","13.2",
"1400000US25025010206","Census Tract 102.06, Suffolk County, Massachusetts","1967","727","1","4","0","13","1","4","0","13","1935","727","1468","686","467","252","58","58","31","50","1104","675","863","260","1436","702","252","318","22","35","125","67","0","13","116","181","16","26","552","391","1188","673","1391","706","56","61","123","186","173","118","1039","679","1390","515","1369","515","665","403","704","258","21","23","21","23","0","13","1966","727","853","449","719","195","394","326","613","333","825","362","825","362","825","362","825","362","1149","394","1203","396","1407","406","1565","705","883","654","682","269","1","4","0","13","450","145","785","657","182","164","112","108","4","7","0","13","31","50","10058","2055","650","402","543","202","372","325","751","350","1","4","0","13","1","4","0","13","750","351","643","331","107","110","27","35","0","13","464","328","287","134","634","348","2","6","0","13","99","55","0","13","0","13","16","26","49","50","585","342","371","323","2","6","0","13","81","94","288","308","228","135","216","133","65","46","151","113","12","17","12","17","0","13","750","351","21","28","366","146","363","322","(X)","(X)","(X)","(X)","(X)","(X)","(X)","(X)","(X)","(X)","(X)","(X)","(X)","(X)","(X)","(X)","705","343","441","326","264","130","1","4","0","13","379","121","264","304","3","6","54","88","4","7","0","13","0","13","(X)","(X)","21","28","343","142","341","320","38.2","13.0","100.0","100.0","-","**","100.0","100.0","-","**","38.8","13.2","43.8","11.4","22.9","28.6","46.6","53.4","0.0","59.1","42.0","13.5","33.3","16.9","44.2","10.7","0.8","4.2","0.0","70.1","79.2","26.8","-","**","0.0","28.4","100.0","82.2","8.9","12.2","49.2","9.6","26.7","15.4","3.6","13.7","0.0","27.2","46.8","35.0","27.7","17.4","16.4","11.8","15.8","11.7","9.8","9.1","21.4","16.9","57.1","57.1","57.1","57.1","-","**","38.1","13.0","2.5","3.7","50.9","18.1","92.1","14.9","(X)","(X)","(X)","(X)","(X)","(X)","(X)","(X)","(X)","(X)","(X)","(X)","(X)","(X)","(X)","(X)","45.0","10.4","49.9","11.0","38.7","17.8","100.0","100.0","-","**","84.2","14.8","33.6","16.6","1.6","3.9","48.2","49.4","100.0","100.0","-","**","0.0","59.1","(X)","(X)","3.2","5.2","63.2","14.7","91.7","15.8",
"1400000US25025010300","Census Tract 103, Suffolk County, Massachusetts","393","94","22","31","22","31","0","19","22","31","347","82","266","79","81","40","48","25","24","18","196","58","197","59","254","75","24","25","0","19","95","59","0","19","4","6","16","12","43","28","222","72","273","67","11","18","24","19","13","10","225","64","240","66","234","63","116","45","118","41","6","9","0","19","6","9","371","83","155","64","134","50","82","33","68","33","104","38","109","38","109","38","136","52","193","80","225","82","250","86","258","69","127","47","131","51","0","19","0","19","88","39","100","43","12","20","10","10","24","20","8","9","16","19","9070","2244","84","37","92","42","82","33","92","37","0","19","0","19","0","19","0","19","81","35","71","31","10","17","21","25","11","18","49","27","43","27","44","28","0","19","0","19","41","28","0","19","0","19","7","8","14","17","33","21","40","30","11","18","10","17","0","19","19","17","18","17","18","17","13","14","5","5","0","19","0","19","0","19","92","37","0","19","32","19","60","33","(X)","(X)","(X)","(X)","(X)","(X)","(X)","(X)","(X)","(X)","(X)","(X)","(X)","(X)","(X)","(X)","92","37","49","27","43","27","0","19","0","19","52","25","19","17","0","19","0","19","10","17","0","19","11","18","(X)","(X)","0","19","32","19","60","33","23.4","8.4","0.0","70.1","0.0","70.1","-","**","0.0","70.1","23.3","8.5","26.7","10.6","12.3","20.0","43.8","36.4","45.8","53.8","25.0","11.5","21.8","11.8","17.3","10.0","0.0","67.2","-","**","43.2","28.5","-","**","0.0","100.0","43.8","33.2","32.6","33.5","14.9","8.8","14.7","10.1","100.0","99.2","41.7","48.8","0.0","91.2","8.4","7.2","7.5","6.8","7.7","6.9","11.2","12.2","4.2","4.6","0.0","100.0","-","**","0.0","100.0","24.8","8.6","0.0","22.5","23.9","14.6","73.2","18.0","(X)","(X)","(X)","(X)","(X)","(X)","(X)","(X)","(X)","(X)","(X)","(X)","(X)","(X)","(X)","(X)","35.7","11.6","38.6","15.9","32.8","17.4","-","**","-","**","59.1","23.2","19.0","15.3","0.0","95.0","0.0","100.0","41.7","49.0","0.0","100.0","68.8","52.7","(X)","(X)","0.0","35.6","34.8","22.5","73.2","18.0",
"1400000US25025010403","Census Tract 104.03, Suffolk County, Massachusetts","2741","508","56","92","0","13","56","92","56","92","2271","472","1602","378","669","215","424","81","414","79","1492","446","1249","240","1632","328","192","104","14","26","510","190","0","13","173","106","220","244","494","203","1398","322","1997","535","142","116","226","104","394","199","1235","414","1750","545","1589","537","809","379","780","219","161","110","151","109","10","16","2685","479","847","226","954","446","884","198","609","217","1253","513","1342","539","1471","539","1567","525","1838","537","2035","551","2181","539","2078","460","1179","422","899","221","0","13","0","13","648","218","741","367","257","164","118","69","13","20","193","70","108","72","8086","2058","549","159","881","441","648","197","1171","512","56","92","0","13","56","92","56","92","1028","473","952","391","76","99","87","50","87","50","627","402","544","199","648","329","75","82","0","13","264","133","0","13","7","13","177","238","197","195","555","306","605","477","7","13","0","13","204","159","394","357","712","501","652","491","298","346","354","192","60","59","50","56","10","16","1115","486","73","84","629","475","413","183","(X)","(X)","(X)","(X)","(X)","(X)","(X)","(X)","(X)","(X)","(X)","(X)","(X)","(X)","(X)","(X)","1046","479","571","387","475","177","0","13","0","13","500","169","383","364","76","99","0","13","0","13","52","45","35","33","(X)","(X)","28","32","615","474","403","186","42.7","12.2","100.0","44.0","-","**","100.0","44.0","100.0","44.0","45.3","13.4","59.4","13.7","11.4","13.7","20.5","11.9","21.0","12.2","42.0","16.6","43.6","11.7","39.7","14.7","39.1","34.7","0.0","87.9","51.8","17.8","-","**","4.0","7.7","80.5","33.7","39.9","28.5","39.7","15.5","30.3","17.3","4.9","10.4","0.0","16.2","51.8","25.5","31.9","21.0","40.7","18.4","41.0","19.3","36.8","28.2","45.4","17.0","37.3","34.2","33.1","35.4","100.0","100.0","41.5","12.2","8.6","9.2","65.9","24.3","46.7","13.0","(X)","(X)","(X)","(X)","(X)","(X)","(X)","(X)","(X)","(X)","(X)","(X)","(X)","(X)","(X)","(X)","50.3","14.0","48.4","19.4","52.8","12.8","-","**","-","**","77.2","11.5","51.7","28.3","29.6","32.5","0.0","28.1","0.0","91.2","26.9","21.5","32.4","34.5","(X)","(X)","5.1","5.7","69.8","25.1","62.2","15.7",
"1400000US25025010404","Census Tract 104.04, Suffolk County, Massachusetts","2450","275","67","39","9","15","58","29","67","39","2251","265","1762","229","489","158","186","58","132","44","908","176","1542","256","1347","220","38","29","0","19","812","169","83","118","71","62","99","59","199","92","1211","194","963","172","49","46","91","40","112","80","711","141","1371","229","1287","226","482","143","805","200","84","33","53","20","31","25","2383","259","570","157","1196","212","617","117","965","188","1332","221","1393","229","1570","234","1609","243","1852","264","1913","262","2041","275","1889","230","698","169","1191","210","0","19","0","19","1319","208","291","100","108","109","112","63","10","16","28","23","21","23","9329","674","385","128","1023","210","481","99","1227","210","17","29","9","15","8","14","17","29","1149","205","1036","176","113","101","61","20","61","20","366","111","861","178","515","129","31","28","0","19","587","153","0","19","53","51","41","38","84","56","472","127","285","112","0","19","75","32","7","10","203","118","447","118","409","112","116","63","293","93","38","28","12","14","26","24","1210","204","11","13","698","177","501","108","(X)","(X)","(X)","(X)","(X)","(X)","(X)","(X)","(X)","(X)","(X)","(X)","(X)","(X)","(X)","(X)","1124","204","313","109","811","177","0","19","0","19","911","162","102","65","72","99","25","25","0","19","7","14","7","11","(X)","(X)","11","13","690","176","423","99","50.1","6.4","25.4","33.6","100.0","100.0","13.8","21.1","25.4","33.6","51.0","6.9","58.8","6.7","23.1","17.4","32.8","14.8","46.2","19.1","40.3","9.0","55.8","7.3","38.2","8.0","81.6","31.0","-","**","72.3","8.8","0.0","35.9","74.6","23.6","41.4","26.5","42.2","23.7","39.0","8.6","29.6","10.3","0.0","47.0","82.4","24.6","6.3","9.9","28.6","14.2","32.6","7.1","31.8","7.4","24.1","10.0","36.4","9.4","45.2","19.9","22.6","22.5","83.9","24.0","50.8","6.5","1.9","2.2","58.4","8.0","81.2","7.8","(X)","(X)","(X)","(X)","(X)","(X)","(X)","(X)","(X)","(X)","(X)","(X)","(X)","(X)","(X)","(X)","59.5","7.3","44.8","10.6","68.1","7.5","-","**","-","**","69.1","6.7","35.1","19.8","66.7","45.3","22.3","25.9","0.0","100.0","25.0","40.9","33.3","45.5","(X)","(X)","2.9","3.5","67.4","8.2","87.9","7.0",
"1400000US25025010405","Census Tract 104.05, Suffolk County, Massachusetts","1902","477","266","303","112","116","154","203","266","303","1266","283","891","221","375","143","415","101","370","94","783","184","1119","438","678","161","411","158","0","19","278","98","0","19","107","71","428","445","684","460","569","130","1079","234","204","71","259","110","276","107","340","125","836","224","724","183","318","88","406","175","112","109","47","39","65","99","1693","306","279","73","677","228","737","147","530","149","930","193","978","196","1387","412","1419","411","1693","474","1789","481","1804","483","1226","214","619","170","607","172","0","19","0","19","507","144","200","103","74","66","68","49","103","78","177","83","97","32","8455","1009","204","57","419","130","603","135","791","185","0","19","0","19","0","19","0","19","619","175","466","155","153","85","196","89","172","83","329","110","462","171","331","131","225","127","0","19","146","59","0","19","83","63","6","13","140","82","306","121","421","124","92","47","108","61","116","61","105","48","257","130","205","106","45","27","160","100","52","48","47","39","5","12","791","185","26","22","287","108","478","128","(X)","(X)","(X)","(X)","(X)","(X)","(X)","(X)","(X)","(X)","(X)","(X)","(X)","(X)","(X)","(X)","717","181","303","108","414","168","0","19","0","19","364","138","73","63","50","61","49","44","40","39","105","79","36","22","(X)","(X)","10","15","258","107","449","126","41.6","12.1","0.0","13.9","0.0","29.2","0.0","22.6","0.0","13.9","48.9","10.6","52.3","12.7","40.8","14.1","47.2","12.5","46.5","13.2","42.0","7.5","41.3","19.5","48.8","11.7","54.7","16.4","-","**","52.5","11.0","-","**","77.6","21.6","1.4","3.5","20.5","17.6","53.8","11.6","39.0","9.6","45.1","15.1","41.7","16.1","42.0","24.3","30.9","11.0","30.7","13.2","28.3","13.0","14.2","7.8","39.4","22.0","46.4","53.3","100.0","48.0","7.7","30.0","46.7","9.6","9.3","7.8","42.4","16.0","64.9","12.3","(X)","(X)","(X)","(X)","(X)","(X)","(X)","(X)","(X)","(X)","(X)","(X)","(X)","(X)","(X)","(X)","58.5","7.4","48.9","8.4","68.2","11.4","-","**","-","**","71.8","12.2","36.5","18.9","67.6","37.0","72.1","33.7","38.8","25.2","59.3","23.9","37.1","19.5","(X)","(X)","4.9","7.5","61.6","13.2","74.5","8.2",
"1400000US25025010408","Census Tract 104.08, Suffolk County, Massachusetts","1403","205","58","43","19","16","39","45","58","43","1312","201","1053","207","259","72","81","42","33","28","587","112","816","166","938","185","183","124","0","13","215","72","0","13","36","26","31","21","134","69","845","179","1054","195","0","13","31","24","164","104","859","139","989","158","968","161","401","80","567","127","21","22","21","22","0","13","1349","200","770","142","349","98","230","76","269","96","374","121","410","127","444","130","458","127","577","148","767","172","1008","206","1107","204","450","104","657","166","0","13","0","13","275","109","658","183","68","33","40","24","63","38","3","4","0","13","8945","990","622","146","315","92","170","75","356","122","0","13","0","13","0","13","0","13","356","122","328","118","28","31","18","28","0","13","153","82","203","87","235","97","64","62","0","13","47","23","0","13","6","9","4","4","59","45","182","86","166","93","0","13","0","13","47","43","119","75","120","61","99","53","61","50","38","26","21","22","21","22","0","13","356","122","0","13","209","84","147","72","(X)","(X)","(X)","(X)","(X)","(X)","(X)","(X)","(X)","(X)","(X)","(X)","(X)","(X)","(X)","(X)","344","121","146","81","198","87","0","13","0","13","190","88","126","84","10","11","0","13","18","28","0","13","0","13","(X)","(X)","0","13","197","81","147","72","25.4","6.8","0.0","43.2","0.0","75.5","0.0","52.7","0.0","43.2","27.1","7.1","31.1","7.7","10.8","11.2","22.2","29.2","0.0","57.3","26.1","10.8","24.9","8.2","25.1","7.6","35.0","34.0","-","**","21.9","11.7","-","**","16.7","23.3","12.9","16.4","44.0","20.3","21.5","7.7","15.7","7.1","-","**","0.0","59.1","28.7","26.9","13.9","7.7","12.1","5.7","10.2","5.0","15.2","10.9","6.7","4.5","100.0","71.8","100.0","71.8","-","**","26.4","7.0","0.0","5.1","59.9","12.6","63.9","17.1","(X)","(X)","(X)","(X)","(X)","(X)","(X)","(X)","(X)","(X)","(X)","(X)","(X)","(X)","(X)","(X)","31.1","8.2","32.4","13.0","30.1","10.0","-","**","-","**","69.1","11.3","19.1","9.4","14.7","15.8","0.0","52.0","28.6","36.6","0.0","100.0","-","**","(X)","(X)","0.0","6.2","62.5","12.7","86.5","11.9",
"1400000US25025010500","Census Tract 105, Suffolk County, Massachusetts","2941","494","188","99","68","41","120","107","188","99","2351","467","1686","467","665","193","482","141","402","125","1359","221","1582","457","1867","324","287","136","0","13","381","121","0","13","39","48","367","381","760","445","1481","263","2146","466","87","70","123","77","216","89","1720","464","1522","256","1391","234","774","178","617","131","131","129","52","39","79","120","2761","477","972","222","944","438","845","189","581","165","845","183","892","185","1002","206","1035","203","1410","256","1946","490","2082","492","2067","488","947","215","1120","445","0","13","0","13","540","163","920","429","157","70","54","41","169","122","156","118","71","52","10132","1217","679","194","778","435","610","187","791","178","15","17","0","13","15","17","15","17","567","146","536","148","31","28","217","93","209","92","437","146","354","111","456","168","69","68","0","13","195","89","0","13","29","46","42","42","165","149","320","112","329","101","20","18","70","59","6","11","233","95","143","61","121","55","82","41","39","36","22","27","22","27","0","13","784","178","1","3","168","66","615","178","(X)","(X)","(X)","(X)","(X)","(X)","(X)","(X)","(X)","(X)","(X)","(X)","(X)","(X)","(X)","(X)","654","174","371","143","283","109","0","13","0","13","430","149","74","45","8","12","7","11","1","3","105","78","29","37","(X)","(X)","1","3","139","59","514","176","26.9","6.6","8.0","9.8","0.0","39.9","12.5","19.1","8.0","9.8","24.1","7.1","31.8","11.1","4.7","4.5","45.0","13.1","52.0","14.6","32.2","9.1","22.4","8.7","24.4","8.3","24.0","22.0","-","**","51.2","15.5","-","**","74.4","54.3","11.4","22.7","21.7","21.3","21.6","6.9","15.3","5.3","23.0","21.8","56.9","33.3","2.8","5.5","13.5","6.4","9.4","4.2","8.7","3.9","10.6","5.1","6.3","5.5","16.8","26.2","42.3","39.3","0.0","36.9","28.4","6.9","0.1","0.3","17.8","10.8","72.8","8.5","(X)","(X)","(X)","(X)","(X)","(X)","(X)","(X)","(X)","(X)","(X)","(X)","(X)","(X)","(X)","(X)","31.6","9.2","39.2","11.4","25.3","12.9","-","**","-","**","79.6","9.0","8.0","6.6","5.1","8.0","13.0","23.0","0.6","1.7","67.3","21.6","40.8","41.7","(X)","(X)","0.1","0.4","17.9","13.0","84.3","8.3",
"1400000US25025010600","Census Tract 106, Suffolk County, Massachusetts","3406","453","134","119","84","91","50","79","134","119","2536","391","1330","328","1206","287","853","257","736","246","1663","321","1743","262","2340","392","197","111","0","13","793","357","0","13","35","41","41","65","141","109","2263","395","2995","379","60","60","148","83","216","125","2571","416","2101","343","2085","342","1131","267","954","207","16","26","0","13","16","26","3272","402","1737","328","557","170","978","265","286","136","531","195","620","196","655","195","655","195","791","207","965","211","1152","258","1844","333","890","233","954","237","0","13","0","13","243","137","845","262","227","130","157","94","152","94","101","78","119","91","8596","1720","1086","286","363","152","395","149","487","193","0","13","0","13","0","13","0","13","448","189","289","133","159","120","39","49","39","49","138","93","349","164","191","111","71","77","0","13","225","146","0","13","0","13","0","13","77","90","143","82","335","155","29","46","0","13","74","80","232","126","157","125","157","125","37","46","120","117","0","13","0","13","0","13","487","193","14","23","148","122","325","159","(X)","(X)","(X)","(X)","(X)","(X)","(X)","(X)","(X)","(X)","(X)","(X)","(X)","(X)","(X)","(X)","367","156","118","90","249","135","0","13","0","13","118","70","137","100","0","13","8","13","65","73","0","13","39","49","(X)","(X)","0","13","148","122","219","112","14.3","5.7","0.0","25.4","0.0","35.6","0.0","46.5","0.0","25.4","17.7","7.0","21.7","8.8","13.2","9.3","4.6","5.5","5.3","6.3","8.3","5.5","20.0","8.5","8.2","4.8","36.0","34.3","-","**","28.4","17.4","-","**","0.0","55.6","0.0","51.4","54.6","37.0","6.3","3.7","11.2","5.2","48.3","51.7","0.0","23.4","34.3","28.8","9.0","4.8","7.5","5.5","7.5","5.6","3.3","4.0","12.6","10.7","0.0","82.3","-","**","0.0","82.3","14.9","5.8","0.8","1.3","26.6","19.5","33.2","13.7","(X)","(X)","(X)","(X)","(X)","(X)","(X)","(X)","(X)","(X)","(X)","(X)","(X)","(X)","(X)","(X)","19.9","8.1","13.3","9.9","26.1","11.6","-","**","-","**","48.6","17.1","16.2","11.0","0.0","16.1","5.1","8.1","42.8","33.0","0.0","31.5","32.8","30.6","(X)","(X)","0.0","3.6","40.8","23.7","55.4","19.7",
"1400000US25025010701","Census Tract 107.01, Suffolk County, Massachusetts","1907","215","123","82","11","18","112","79","123","82","1579","186","939","184","640","161","283","95","205","80","917","142","990","175","1545","193","42","42","0","13","240","90","0","13","9","14","71","65","64","49","1507","196","1632","187","0","13","5","10","90","60","1537","186","1451","160","1439","160","734","117","705","153","12","15","12","15","0","13","1784","186","1167","174","347","99","270","103","82","71","141","80","144","77","192","84","203","85","277","93","438","133","582","161","1134","189","494","116","640","170","0","13","0","13","125","62","599","145","161","86","107","95","28","20","49","31","65","46","8355","3504","783","163","223","82","128","78","139","79","0","13","0","13","0","13","0","13","137","79","137","79","0","13","2","5","2","5","25","23","114","76","93","61","2","5","0","13","44","54","0","13","0","13","0","13","8","12","85","60","79","65","0","13","0","13","2","5","77","65","55","38","53","37","9","12","44","37","2","5","2","5","0","13","139","79","24","21","31","33","84","72","(X)","(X)","(X)","(X)","(X)","(X)","(X)","(X)","(X)","(X)","(X)","(X)","(X)","(X)","(X)","(X)","139","79","25","23","114","76","0","13","0","13","60","50","77","65","0","13","0","13","0","13","2","5","0","13","(X)","(X)","24","21","31","33","84","72","7.3","4.0","0.0","27.2","0.0","99.2","0.0","29.2","0.0","27.2","8.7","4.7","14.6","7.7","0.0","6.1","0.7","1.8","1.0","2.4","2.7","2.5","11.5","7.2","6.0","3.8","4.8","12.0","-","**","18.3","20.5","-","**","0.0","100.0","0.0","39.0","12.5","22.5","5.6","3.8","4.8","3.9","-","**","0.0","100.0","2.2","5.5","5.0","4.1","3.8","2.7","3.7","2.7","1.2","1.6","6.2","5.2","16.7","48.2","16.7","48.2","-","**","7.8","4.2","2.1","1.8","8.9","9.1","31.1","20.0","(X)","(X)","(X)","(X)","(X)","(X)","(X)","(X)","(X)","(X)","(X)","(X)","(X)","(X)","(X)","(X)","12.3","6.5","5.1","4.4","17.8","11.0","-","**","-","**","48.0","26.4","12.9","9.9","0.0","21.8","0.0","30.2","0.0","62.2","4.1","10.2","0.0","40.8","(X)","(X)","3.1","2.6","13.9","13.9","65.6","29.1",
"1400000US25025010702","Census Tract 107.02, Suffolk County, Massachusetts","2465","309","184","69","85","63","99","49","184","69","1770","247","871","226","899","177","675","185","511","167","1042","165","1423","215","2166","257","22","24","8","13","92","86","0","13","39","41","138","114","142","95","2112","257","2198","294","46","68","42","32","149","72","1961","268","1795","274","1680","263","738","133","942","191","115","88","19","17","96","86","2318","295","1295","230","563","136","460","145","61","34","109","57","112","57","217","137","221","137","283","141","449","196","683","232","1177","257","425","133","752","176","0","13","0","13","70","38","525","206","129","66","190","88","119","57","64","37","80","52","7780","2339","833","226","222","96","122","67","109","57","0","13","0","13","0","13","0","13","81","40","44","28","37","28","40","43","28","37","28","22","81","52","100","54","0","13","0","13","0","13","0","13","0","13","9","14","0","13","100","54","86","51","0","13","9","14","32","38","45","31","41","27","41","27","19","17","22","20","0","13","0","13","0","13","109","57","14","16","31","23","64","50","(X)","(X)","(X)","(X)","(X)","(X)","(X)","(X)","(X)","(X)","(X)","(X)","(X)","(X)","(X)","(X)","109","57","28","22","81","52","0","13","0","13","23","19","21","21","17","19","8","13","12","24","6","10","22","35","(X)","(X)","14","16","31","23","64","50","4.4","2.4","0.0","19.4","0.0","35.4","0.0","32.0","0.0","19.4","4.6","2.3","5.1","3.6","4.1","3.0","5.9","6.4","5.5","7.3","2.7","2.1","5.7","3.7","4.6","2.6","0.0","70.1","0.0","100.0","0.0","33.6","-","**","0.0","52.7","6.5","10.3","0.0","24.2","4.7","2.7","3.9","2.4","0.0","48.5","21.4","36.1","21.5","21.8","2.3","1.6","2.3","1.5","2.4","1.6","2.6","2.4","2.3","2.1","0.0","28.6","0.0","75.5","0.0","32.7","4.7","2.5","1.1","1.2","5.5","4.1","13.9","10.4","(X)","(X)","(X)","(X)","(X)","(X)","(X)","(X)","(X)","(X)","(X)","(X)","(X)","(X)","(X)","(X)","9.3","5.0","6.6","5.4","10.8","6.9","-","**","-","**","32.9","25.8","4.0","4.5","13.2","12.1","4.2","7.1","10.1","19.0","9.4","15.4","27.5","33.9","(X)","(X)","1.7","2.0","14.0","11.3","52.5","19.2",
"1400000US25025010801","Census Tract 108.01, Suffolk County, Massachusetts","2598","372","170","89","17","27","153","72","170","89","1987","319","1008","239","979","185","668","164","441","119","1125","208","1473","256","2198","331","63","72","0","13","101","69","0","13","38","56","198","161","179","135","2129","337","2121","273","14","13","95","118","168","71","1844","236","1665","227","1626","221","804","180","822","148","39","40","7","12","32","38","2468","354","1199","202","711","239","558","135","144","96","244","114","253","118","300","129","325","133","412","153","610","195","799","215","1186","206","500","171","686","131","0","13","0","13","199","104","444","152","159","76","54","54","107","78","148","53","75","61","8367","2644","725","174","298","119","163","72","219","108","0","13","0","13","0","13","0","13","171","99","145","94","26","23","48","56","48","56","93","94","126","62","118","46","3","5","0","13","37","51","0","13","2","4","59","90","22","23","98","42","106","64","6","4","0","13","0","13","100","63","53","30","52","30","20","21","32","23","1","2","0","13","1","2","219","108","16","16","135","94","68","57","(X)","(X)","(X)","(X)","(X)","(X)","(X)","(X)","(X)","(X)","(X)","(X)","(X)","(X)","(X)","(X)","219","108","93","94","126","62","0","13","0","13","113","94","32","25","17","20","0","13","9","12","9","14","39","54","(X)","(X)","16","16","135","94","68","57","8.4","4.2","0.0","20.8","0.0","79.8","0.0","22.7","0.0","20.8","8.6","5.1","14.4","9.4","2.7","2.4","7.2","7.9","10.9","11.7","8.3","8.1","8.6","4.0","5.4","2.1","4.8","12.3","-","**","36.6","35.2","-","**","5.3","15.0","29.8","39.3","12.3","17.1","4.6","2.0","5.0","2.9","42.9","48.6","0.0","32.9","0.0","21.0","5.4","3.3","3.2","1.9","3.2","1.9","2.5","2.7","3.9","2.7","2.6","7.6","0.0","100.0","3.1","10.4","8.9","4.5","1.3","1.4","19.0","14.8","12.2","9.7","(X)","(X)","(X)","(X)","(X)","(X)","(X)","(X)","(X)","(X)","(X)","(X)","(X)","(X)","(X)","(X)","18.5","7.7","18.6","16.1","18.4","8.1","-","**","-","**","56.8","25.2","7.2","6.2","10.7","12.6","0.0","44.8","8.4","12.5","6.1","9.1","52.0","43.3","(X)","(X)","2.2","2.4","45.3","21.1","41.7","24.1",
"1400000US25025010802","Census Tract 108.02, Suffolk County, Massachusetts","3264","379","247","101","121","92","126","69","247","101","2733","371","1528","393","1205","207","455","156","284","85","1628","268","1636","216","2849","376","9","13","0","13","244","84","0","13","129","128","33","34","326","176","2652","381","2806","346","35","36","86","77","115","71","2570","337","2574","370","2473","368","1320","266","1153","182","101","75","79","66","22","32","3062","361","1966","333","718","179","378","101","99","53","219","83","240","87","281","96","307","96","402","117","691","242","922","265","1810","344","909","260","901","158","0","13","0","13","185","87","980","304","246","112","146","65","172","73","48","33","33","30","7748","1733","1253","288","404","143","153","72","192","78","0","13","0","13","0","13","0","13","192","78","152","64","40","44","0","13","0","13","71","47","121","63","104","47","0","13","0","13","45","40","0","13","34","43","9","14","57","56","81","40","138","75","0","13","0","13","24","38","114","66","80","52","80","52","44","41","36","27","0","13","0","13","0","13","192","78","40","40","78","39","74","55","(X)","(X)","(X)","(X)","(X)","(X)","(X)","(X)","(X)","(X)","(X)","(X)","(X)","(X)","(X)","(X)","192","78","71","47","121","63","0","13","0","13","54","30","98","61","9","14","24","38","7","13","0","13","0","13","(X)","(X)","40","40","78","39","74","55","5.9","2.5","0.0","14.9","0.0","27.5","0.0","26.7","0.0","14.9","7.0","3.0","9.9","4.6","3.3","3.7","0.0","8.4","0.0","13.1","4.4","2.9","7.4","3.9","3.7","1.8","0.0","100.0","-","**","18.4","15.6","-","**","26.4","41.2","27.3","43.6","17.5","15.6","3.1","1.6","4.9","2.7","0.0","55.6","0.0","35.1","20.9","27.9","4.4","2.6","3.1","2.0","3.2","2.1","3.3","3.1","3.1","2.4","0.0","31.5","0.0","36.9","0.0","70.1","6.3","2.6","2.0","2.1","10.9","5.1","19.6","12.3","(X)","(X)","(X)","(X)","(X)","(X)","(X)","(X)","(X)","(X)","(X)","(X)","(X)","(X)","(X)","(X)","10.6","4.6","7.8","5.5","13.4","6.9","-","**","-","**","29.2","18.3","10.0","6.8","3.7","6.0","16.4","25.4","4.1","8.3","0.0","47.5","0.0","57.3","(X)","(X)","3.2","3.4","19.3","10.1","48.4","23.9",
"1400000US25025020101","Census Tract 201.01, Suffolk County, Massachusetts","4673","606","324","179","85","64","239","160","324","179","3262","437","1870","404","1392","256","1361","435","1087","423","2206","428","2467","360","4266","591","19","33","0","13","165","117","0","13","95","146","128","102","407","214","4010","601","3977","543","59","92","153","127","100","67","3665","522","3119","445","3040","436","1773","399","1267","222","79","63","49","50","30","35","4370","579","2604","455","698","181","1068","334","124","111","228","120","274","137","299","139","382","207","629","285","900","312","1213","377","2465","436","1206","365","1259","253","0","13","0","13","362","275","1149","279","190","125","114","75","244","152","127","81","279","136","11075","1571","1715","425","364","159","386","184","142","111","0","13","0","13","0","13","0","13","142","111","125","108","17","28","0","13","0","13","54","44","88","96","109","107","0","13","0","13","33","37","0","13","0","13","0","13","0","13","109","107","134","111","59","92","0","13","17","28","58","43","43","36","43","36","31","35","12","18","0","13","0","13","0","13","142","111","18","28","42","39","82","96","(X)","(X)","(X)","(X)","(X)","(X)","(X)","(X)","(X)","(X)","(X)","(X)","(X)","(X)","(X)","(X)","142","111","54","44","88","96","0","13","0","13","8","13","117","108","17","28","0","13","0","13","0","13","0","13","(X)","(X)","18","28","42","39","82","96","3.0","2.4","0.0","11.6","0.0","35.4","0.0","15.4","0.0","11.6","4.4","3.4","6.7","6.0","1.2","2.0","0.0","2.9","0.0","3.6","2.4","2.0","3.6","3.9","2.6","2.5","0.0","75.5","-","**","20.0","22.6","-","**","0.0","32.9","0.0","26.3","0.0","9.4","2.7","2.6","3.4","2.7","100.0","42.8","0.0","22.7","17.0","26.8","1.6","1.1","1.4","1.1","1.4","1.2","1.7","2.0","0.9","1.4","0.0","36.9","0.0","47.0","0.0","60.1","3.2","2.5","0.7","1.1","6.0","5.6","7.7","8.2","(X)","(X)","(X)","(X)","(X)","(X)","(X)","(X)","(X)","(X)","(X)","(X)","(X)","(X)","(X)","(X)","5.8","4.4","4.5","3.8","7.0","7.5","-","**","-","**","2.2","4.4","10.2","8.9","8.9","15.7","0.0","28.8","0.0","15.1","0.0","26.5","0.0","13.3","(X)","(X)","1.0","1.6","11.5","11.1","21.2","22.0",
"1400000US25025020200","Census Tract 202, Suffolk County, Massachusetts","3402","439","194","99","115","83","79","73","194","99","2871","382","1997","313","874","271","435","83","337","71","1616","321","1786","309","3050","431","44","52","0","13","238","149","0","13","31","36","39","50","164","135","2903","402","2941","390","48","35","42","50","251","122","2600","352","2798","384","2767","381","1269","261","1498","293","31","33","15","22","16","25","3224","382","2005","355","864","260","355","91","100","70","351","118","362","120","492","147","492","147","552","155","925","252","1201","315","2135","340","923","253","1212","292","0","13","0","13","234","95","1282","317","223","117","127","101","70","55","44","34","155","72","5813","1748","1353","317","542","201","240","84","278","116","0","13","0","13","0","13","0","13","196","102","161","98","35","41","82","55","82","55","88","75","190","89","166","90","19","33","0","13","76","71","0","13","17","27","0","13","17","27","166","90","205","99","31","36","17","27","37","47","120","86","151","99","151","99","38","60","113","76","0","13","0","13","0","13","278","116","65","76","94","66","119","63","(X)","(X)","(X)","(X)","(X)","(X)","(X)","(X)","(X)","(X)","(X)","(X)","(X)","(X)","(X)","(X)","278","116","88","75","190","89","0","13","0","13","73","56","88","81","0","13","18","32","17","27","31","34","51","42","(X)","(X)","65","76","94","66","119","63","8.2","3.4","0.0","18.5","0.0","28.6","0.0","36.9","0.0","18.5","6.8","3.5","8.1","4.7","4.0","4.9","18.9","11.8","24.3","14.9","5.4","4.4","10.6","4.9","5.4","3.0","43.2","56.8","-","**","31.9","20.9","-","**","54.8","54.8","0.0","52.7","10.4","17.3","5.7","3.2","7.0","3.4","64.6","55.0","40.5","59.5","14.7","21.8","4.6","3.3","5.4","3.5","5.5","3.5","3.0","4.6","7.5","5.0","0.0","59.1","0.0","84.9","0.0","82.3","8.6","3.6","3.2","3.7","10.9","8.1","33.5","15.1","(X)","(X)","(X)","(X)","(X)","(X)","(X)","(X)","(X)","(X)","(X)","(X)","(X)","(X)","(X)","(X)","13.0","5.3","9.5","7.4","15.7","7.2","-","**","-","**","31.2","19.1","6.9","6.0","0.0","16.4","14.2","27.1","24.3","34.9","70.5","48.7","32.9","23.8","(X)","(X)","4.8","5.3","17.3","12.4","49.6","21.1",
"1400000US25025020301","Census Tract 203.01, Suffolk County, Massachusetts","2211","548","140","44","72","32","68","30","140","44","1691","541","1129","504","562","173","493","105","380","103","1279","515","932","147","1585","377","22","23","1","2","279","109","0","13","79","112","245","267","591","376","1308","373","1920","498","27","35","227","171","114","80","1552","450","1579","548","1545","546","935","503","610","150","34","28","20","19","14","17","2071","540","1102","341","495","271","474","101","162","81","311","116","347","116","424","181","446","174","663","244","738","248","1021","305","1378","513","841","503","537","121","0","13","0","13","143","93","776","457","91","68","59","58","106","62","60","42","143","67","6402","1537","701","318","369","232","308","74","302","115","0","13","0","13","0","13","0","13","224","118","126","95","98","73","129","64","78","50","137","95","165","77","222","107","0","13","1","2","69","48","0","13","0","13","10","16","0","13","222","107","223","79","0","13","51","47","71","66","101","64","101","97","101","97","48","75","53","57","0","13","0","13","0","13","302","115","0","13","126","94","176","67","(X)","(X)","(X)","(X)","(X)","(X)","(X)","(X)","(X)","(X)","(X)","(X)","(X)","(X)","(X)","(X)","302","115","137","95","165","77","0","13","0","13","79","83","47","43","44","56","2","3","52","49","27","32","51","51","(X)","(X)","0","13","126","94","176","67","13.7","4.6","0.0","24.5","0.0","38.8","0.0","39.9","0.0","24.5","13.2","5.8","11.2","7.4","17.4","10.7","26.2","12.1","20.5","12.2","10.7","6.1","17.7","7.6","14.0","5.1","0.0","70.1","100.0","100.0","24.7","15.6","-","**","0.0","36.9","4.1","10.4","0.0","6.5","17.0","5.9","11.6","4.7","0.0","63.3","22.5","24.5","62.3","26.6","6.5","4.4","6.4","5.0","6.5","5.1","5.1","6.7","8.7","8.2","0.0","56.4","0.0","73.6","0.0","87.9","14.6","4.9","0.0","3.6","25.5","10.3","37.1","12.3","(X)","(X)","(X)","(X)","(X)","(X)","(X)","(X)","(X)","(X)","(X)","(X)","(X)","(X)","(X)","(X)","21.9","8.5","16.3","10.3","30.7","12.5","-","**","-","**","55.2","30.7","6.1","6.6","48.4","39.9","3.4","7.0","49.1","29.6","45.0","37.3","35.7","28.1","(X)","(X)","0.0","5.5","34.1","17.0","57.1","16.2",
"1400000US25025020302","Census Tract 203.02, Suffolk County, Massachusetts","955","125","62","27","21","18","41","25","62","27","803","98","539","98","264","63","115","63","90","43","530","85","425","74","852","130","0","13","0","13","90","57","0","13","8","12","5","10","87","52","773","123","830","111","0","13","0","13","33","27","797","103","775","97","729","101","413","82","316","53","46","36","37","33","9","11","895","115","599","105","206","58","90","45","28","25","65","44","68","48","78","50","79","50","192","65","274","93","391","85","587","111","339","86","248","56","0","13","0","13","46","32","360","94","79","49","8","11","47","34","33","22","14","18","7473","2660","429","102","107","47","51","39","45","31","0","13","0","13","0","13","0","13","41","28","35","27","6","10","5","8","4","7","27","25","18","17","32","28","0","13","0","13","13","14","0","13","0","13","0","13","10","14","22","23","37","29","0","13","0","13","5","10","32","25","27","24","22","23","14","19","8","12","5","9","0","13","5","9","45","31","0","13","27","24","18","18","(X)","(X)","(X)","(X)","(X)","(X)","(X)","(X)","(X)","(X)","(X)","(X)","(X)","(X)","(X)","(X)","45","31","27","25","18","17","0","13","0","13","8","10","27","24","5","10","0","13","1","4","4","7","0","13","(X)","(X)","0","13","27","24","18","18","4.7","3.2","0.0","41.8","0.0","71.8","0.0","51.4","0.0","41.8","5.1","3.5","6.5","5.2","2.3","3.5","4.3","6.3","4.4","7.5","5.1","4.5","4.2","3.8","3.8","3.2","-","**","-","**","14.4","16.1","-","**","0.0","100.0","0.0","100.0","11.5","14.4","2.8","3.0","4.5","3.4","-","**","-","**","15.2","34.2","4.0","3.1","3.5","3.1","3.0","3.1","3.4","4.7","2.5","3.6","10.9","20.8","0.0","54.1","55.6","55.6","5.0","3.4","0.0","6.5","13.1","10.6","20.0","14.8","(X)","(X)","(X)","(X)","(X)","(X)","(X)","(X)","(X)","(X)","(X)","(X)","(X)","(X)","(X)","(X)","7.7","5.3","8.0","7.1","7.3","6.6","-","**","-","**","17.4","18.8","7.5","7.1","6.3","10.5","0.0","100.0","2.1","10.3","12.1","21.2","0.0","87.9","(X)","(X)","0.0","8.9","25.2","19.3","35.3","21.6",
"1400000US25025020304","Census Tract 203.04, Suffolk County, Massachusetts","1061","162","0","13","0","13","0","13","0","13","1050","161","492","155","558","171","44","36","11","14","623","131","438","109","805","178","50","95","0","13","66","46","0","13","76","105","64","60","224","130","680","162","943","180","22","38","46","40","142","118","733","177","792","176","771","184","391","103","380","112","21","24","12","21","9","13","1061","162","693","194","108","48","260","149","200","118","263","143","263","143","269","152","270","152","289","149","341","151","467","152","753","176","424","125","329","105","0","13","0","13","79","71","291","109","174","92","132","109","72","71","0","13","5","10","8637","2156","502","167","93","44","158","121","254","134","0","13","0","13","0","13","0","13","254","134","97","76","157","132","14","20","0","13","201","119","53","54","126","80","37","64","0","13","2","4","0","13","76","105","13","16","141","118","69","56","177","132","20","34","33","30","87","104","37","34","25","28","21","27","2","4","19","27","4","7","4","7","0","13","254","134","0","13","41","35","213","132","(X)","(X)","(X)","(X)","(X)","(X)","(X)","(X)","(X)","(X)","(X)","(X)","(X)","(X)","(X)","(X)","156","102","103","76","53","54","0","13","0","13","48","60","20","24","28","43","17","21","43","42","0","13","0","13","(X)","(X)","0","13","30","29","126","96","23.9","12.1","-","**","-","**","-","**","-","**","24.2","12.2","19.7","13.2","28.1","19.3","31.8","32.5","0.0","99.2","32.3","15.6","12.1","12.0","15.7","9.5","74.0","42.7","-","**","3.0","6.3","-","**","100.0","37.7","20.3","35.5","62.9","27.6","10.1","8.5","18.8","13.1","90.9","68.6","71.7","21.6","61.3","43.5","5.0","4.7","3.2","3.6","2.7","3.6","0.5","1.0","5.0","7.2","19.0","35.2","33.3","66.7","0.0","100.0","23.9","12.1","0.0","5.6","38.0","26.0","81.9","13.5","(X)","(X)","(X)","(X)","(X)","(X)","(X)","(X)","(X)","(X)","(X)","(X)","(X)","(X)","(X)","(X)","20.7","12.1","24.3","14.3","16.1","15.1","-","**","-","**","60.8","42.8","6.9","7.6","16.1","22.4","12.9","19.6","59.7","24.3","-","**","0.0","100.0","(X)","(X)","0.0","7.7","32.3","24.1","79.7","15.0",
"1400000US25025020305","Census Tract 203.05, Suffolk County, Massachusetts","2866","572","424","289","104","67","320","257","424","289","1938","320","706","158","1232","341","651","147","504","142","1423","335","1443","319","2231","408","105","86","0","13","258","107","0","13","19","22","253","243","86","61","2174","422","2420","342","110","99","33","31","160","79","2117","346","1781","297","1732","296","922","185","810","172","49","49","22","25","27","42","2491","383","1322","195","576","252","593","186","98","83","267","164","267","164","308","175","346","174","817","473","958","480","1047","480","1179","209","547","199","632","135","0","13","0","13","9","14","407","142","74","42","129","98","227","158","173","101","160","78","5180","3316","676","168","168","91","335","157","235","172","22","29","0","13","22","29","22","29","156","147","30","27","126","144","93","77","57","66","126","145","109","87","185","161","0","13","0","13","15","26","0","13","0","13","35","43","15","24","170","157","213","166","21","26","0","13","74","73","118","138","7","12","7","12","0","13","7","12","0","13","0","13","0","13","213","166","0","13","7","12","206","164","(X)","(X)","(X)","(X)","(X)","(X)","(X)","(X)","(X)","(X)","(X)","(X)","(X)","(X)","(X)","(X)","192","163","126","145","66","69","0","13","0","13","0","13","16","18","0","13","0","13","119","142","18","22","39","62","(X)","(X)","0","13","0","13","192","163","8.2","6.0","5.2","8.8","0.0","30.9","6.9","12.7","5.2","8.8","8.0","7.0","4.2","4.0","10.2","10.8","14.3","11.3","11.3","12.9","8.9","9.5","7.6","6.1","8.3","6.9","0.0","30.6","-","**","5.8","9.6","-","**","0.0","75.5","13.8","24.6","17.4","27.0","7.8","7.0","8.8","6.5","19.1","26.1","0.0","57.3","46.3","30.8","5.6","6.3","0.4","0.7","0.4","0.7","0.0","4.2","0.9","1.5","0.0","47.0","0.0","70.1","0.0","63.3","8.6","6.4","0.0","3.0","1.2","2.2","34.7","21.1","(X)","(X)","(X)","(X)","(X)","(X)","(X)","(X)","(X)","(X)","(X)","(X)","(X)","(X)","(X)","(X)","16.3","12.3","23.0","21.8","10.4","10.6","-","**","-","**","0.0","100.0","3.9","4.7","0.0","38.2","0.0","26.2","52.4","35.3","10.4","14.3","24.4","33.1","(X)","(X)","0.0","5.7","0.0","21.0","57.3","27.8",
"1400000US25025030100","Census Tract 301, Suffolk County, Massachusetts","2241","484","75","113","75","113","0","13","75","113","1933","462","1567","451","366","119","299","127","233","111","975","196","1266","440","2058","455","0","13","12","18","41","36","0","13","130","177","0","13","383","241","1805","369","1525","250","80","85","157","72","57","38","1231","239","1741","456","1741","456","788","197","953","404","0","13","0","13","0","13","2166","456","1276","226","522","398","368","186","131","131","394","263","416","263","597","331","617","336","839","465","1001","467","1384","481","1788","449","789","196","999","408","0","13","0","13","641","413","791","202","120","77","35","30","84","65","31","30","86","56","N","N","1113","222","452","391","223","142","374","262","75","113","75","113","0","13","75","113","281","185","281","185","0","13","18","30","18","30","92","73","282","199","244","164","0","13","0","13","0","13","0","13","130","177","0","13","301","229","73","54","127","117","43","64","29","44","0","13","55","59","161","146","161","146","55","66","106","105","0","13","0","13","0","13","299","186","29","44","155","117","115","133","(X)","(X)","(X)","(X)","(X)","(X)","(X)","(X)","(X)","(X)","(X)","(X)","(X)","(X)","(X)","(X)","209","159","40","42","169","131","0","13","0","13","172","123","37","52","0","13","0","13","0","13","0","13","0","13","(X)","(X)","0","13","103","98","106","132","16.7","9.8","100.0","38.0","100.0","38.0","-","**","100.0","38.0","14.5","7.9","17.9","9.5","0.0","10.3","6.0","9.8","7.7","12.6","9.4","7.3","22.3","11.5","11.9","6.7","-","**","0.0","95.0","0.0","51.4","-","**","100.0","26.0","-","**","78.6","19.5","4.0","3.2","8.3","7.4","53.8","53.8","18.5","26.7","0.0","43.6","4.5","4.7","9.2","7.1","9.2","7.1","7.0","8.2","11.1","7.6","-","**","-","**","-","**","13.8","7.3","2.3","3.5","29.7","12.7","31.3","28.6","(X)","(X)","(X)","(X)","(X)","(X)","(X)","(X)","(X)","(X)","(X)","(X)","(X)","(X)","(X)","(X)","11.7","7.5","5.1","5.2","16.9","9.4","-","**","-","**","26.8","12.7","4.7","6.5","0.0","27.7","0.0","55.6","0.0","35.6","0.0","59.1","0.0","35.1","(X)","(X)","0.0","3.5","22.8","8.6","47.5","40.0",
"1400000US25025030200","Census Tract 302, Suffolk County, Massachusetts","1706","335","66","52","25","21","41","41","66","52","1558","315","1273","327","285","78","124","81","82","64","817","189","889","240","1500","360","30","28","0","13","101","70","0","13","15","27","60","60","90","61","1473","358","1545","319","16","20","103","59","117","85","1309","301","1441","304","1411","300","679","174","732","223","30","35","21","32","9","14","1640","323","1234","322","265","106","141","92","37","37","106","88","106","88","110","89","110","89","243","137","398","169","932","317","1211","301","607","192","604","219","0","13","0","13","65","40","955","309","92","53","0","13","62","52","37","44","0","13","N","N","970","301","175","98","66","60","45","43","0","13","0","13","0","13","0","13","45","43","45","43","0","13","0","13","0","13","37","37","8","13","25","30","0","13","0","13","20","32","0","13","0","13","0","13","16","26","9","14","37","37","0","13","0","13","8","13","29","35","16","26","16","26","8","12","8","13","0","13","0","13","0","13","45","43","0","13","16","26","29","35","(X)","(X)","(X)","(X)","(X)","(X)","(X)","(X)","(X)","(X)","(X)","(X)","(X)","(X)","(X)","(X)","45","43","37","37","8","13","0","13","0","13","8","12","37","37","0","13","0","13","0","13","0","13","0","13","(X)","(X)","0","13","16","26","29","35","2.6","2.6","0.0","40.5","0.0","65.8","0.0","51.4","0.0","40.5","2.9","2.9","3.5","3.5","0.0","13.1","0.0","27.0","0.0","36.1","4.5","4.7","0.9","1.5","1.7","2.0","0.0","60.1","-","**","19.8","31.1","-","**","0.0","84.9","0.0","42.5","17.8","26.7","0.6","1.0","2.4","2.5","0.0","82.3","0.0","31.1","6.8","13.2","2.2","2.7","1.1","1.8","1.1","1.9","1.2","1.9","1.1","1.9","0.0","60.1","0.0","71.8","0.0","100.0","2.7","2.7","0.0","3.2","6.0","9.2","20.6","23.9","(X)","(X)","(X)","(X)","(X)","(X)","(X)","(X)","(X)","(X)","(X)","(X)","(X)","(X)","(X)","(X)","3.7","3.7","6.1","6.4","1.3","2.4","-","**","-","**","12.3","18.4","3.9","4.2","0.0","33.6","-","**","0.0","41.8","0.0","54.1","-","**","(X)","(X)","0.0","4.0","9.1","13.8","43.9","41.3",
"1400000US25025030301","Census Tract 303.01, Suffolk County, Massachusetts","1640","419","109","53","34","27","75","35","109","53","781","188","289","147","492","155","842","400","750","395","724","230","916","238","1469","407","44","71","0","13","31","39","29","42","22","35","45","56","39","43","1452","406","1507","403","0","13","14","23","179","93","1314","390","814","180","745","171","440","125","305","117","69","59","21","31","48","49","1531","402","658","175","165","83","708","387","26","42","101","109","114","111","129","112","129","112","306","150","433","187","573","195","591","158","231","106","360","109","0","13","0","13","24","25","209","118","44","38","49","45","15","24","115","74","135","90","N","N","283","101","80","58","228","90","88","107","33","53","16","27","17","27","33","53","55","62","26","42","29","47","0","13","0","13","27","31","61","79","88","107","0","13","0","13","0","13","0","13","0","13","0","13","0","13","88","107","55","62","0","13","14","23","0","13","41","47","0","13","0","13","0","13","0","13","0","13","0","13","0","13","55","62","0","13","0","13","55","62","(X)","(X)","(X)","(X)","(X)","(X)","(X)","(X)","(X)","(X)","(X)","(X)","(X)","(X)","(X)","(X)","26","42","13","21","13","21","0","13","0","13","0","13","26","42","0","13","0","13","0","13","0","13","0","13","(X)","(X)","0","13","0","13","26","42","5.4","6.6","30.3","39.5","47.1","52.9","22.7","28.8","30.3","39.5","7.0","7.9","9.0","14.3","5.9","9.7","0.0","4.6","0.0","5.2","3.7","4.5","6.7","8.5","6.0","7.4","0.0","49.6","-","**","0.0","59.1","0.0","61.1","0.0","70.1","0.0","49.0","0.0","52.7","6.1","7.5","3.6","4.3","-","**","100.0","87.9","0.0","19.9","3.1","3.8","0.0","4.8","0.0","5.2","0.0","8.7","0.0","12.3","0.0","39.6","0.0","71.8","0.0","47.5","3.6","4.2","0.0","5.9","0.0","21.3","7.8","10.0","(X)","(X)","(X)","(X)","(X)","(X)","(X)","(X)","(X)","(X)","(X)","(X)","(X)","(X)","(X)","(X)","4.4","7.2","5.6","9.3","3.6","6.2","-","**","-","**","0.0","67.2","12.4","19.5","0.0","49.6","0.0","47.0","0.0","84.9","0.0","28.6","0.0","25.2","(X)","(X)","0.0","13.2","0.0","36.7","11.4","19.1",
"1400000US25025030302","Census Tract 303.02, Suffolk County, Massachusetts","1792","303","114","77","56","47","58","53","114","77","1502","279","791","235","711","209","295","107","176","84","1053","203","739","162","1094","253","202","76","7","16","317","139","0","13","64","77","108","115","79","59","1061","244","1637","280","52","56","166","105","239","108","1180","247","1322","236","1227","219","665","146","562","112","95","72","74","68","21","35","1678","288","1116","212","207","99","355","125","196","98","399","150","427","152","464","146","471","152","541","170","566","176","646","190","984","230","627","180","357","119","0","13","0","13","36","35","443","161","97","83","118","68","186","72","72","37","32","32","7431","1966","540","152","156","94","288","112","350","140","0","13","0","13","0","13","0","13","322","140","102","63","220","121","73","50","28","27","265","122","85","72","217","107","92","52","7","16","0","13","0","13","12","22","22","21","45","41","205","96","333","138","20","28","125","88","100","65","88","61","111","66","36","41","27","39","9","14","75","52","54","43","21","35","350","140","27","39","104","73","219","105","(X)","(X)","(X)","(X)","(X)","(X)","(X)","(X)","(X)","(X)","(X)","(X)","(X)","(X)","(X)","(X)","350","140","265","122","85","72","0","13","0","13","17","27","85","59","44","43","55","46","121","58","28","27","0","13","(X)","(X)","27","39","104","73","219","105","19.5","6.7","0.0","28.8","0.0","44.0","0.0","43.2","0.0","28.8","21.4","7.5","12.9","6.8","30.9","13.6","24.7","14.6","15.9","14.0","25.2","9.5","11.5","8.7","19.8","8.2","45.5","26.4","100.0","100.0","0.0","11.8","-","**","18.8","38.8","20.4","33.0","57.0","35.5","19.3","7.7","20.3","7.1","38.5","38.6","75.3","24.3","41.8","17.5","7.5","4.8","8.4","4.7","2.9","3.4","4.1","5.8","1.6","2.5","78.9","19.6","73.0","18.7","100.0","71.8","20.9","6.9","2.4","3.5","50.2","25.3","61.7","17.0","(X)","(X)","(X)","(X)","(X)","(X)","(X)","(X)","(X)","(X)","(X)","(X)","(X)","(X)","(X)","(X)","35.6","9.6","42.3","13.6","23.8","16.4","-","**","-","**","47.2","52.8","19.2","10.2","45.4","34.5","46.6","31.5","65.1","25.9","38.9","28.1","0.0","58.2","(X)","(X)","5.0","7.3","66.7","25.9","76.0","14.9",
"1400000US25025030400","Census Tract 304, Suffolk County, Massachusetts","3905","585","197","24","122","44","75","50","197","24","3201","585","1964","477","1237","331","624","178","507","148","1750","316","2155","528","3561","442","235","267","0","13","43","47","0","13","49","45","17","21","130","78","3467","429","3404","582","75","66","178","110","429","172","2722","573","3111","565","3010","560","1447","275","1563","515","101","100","27","27","74","97","3712","586","2494","558","684","178","534","139","152","83","408","136","411","137","551","176","551","176","698","172","1047","201","1348","214","2810","587","1239","316","1571","522","0","13","0","13","297","120","1407","436","456","298","216","109","165","77","172","117","97","67","6196","1648","2091","560","444","136","275","109","357","126","0","13","0","13","0","13","0","13","264","114","168","96","96","66","117","79","93","72","200","101","157","70","322","121","31","42","0","13","0","13","0","13","0","13","4","6","44","51","278","117","287","113","54","64","44","45","70","55","119","65","128","62","84","58","59","57","25","25","44","30","27","27","17","20","357","126","17","28","121","70","219","100","(X)","(X)","(X)","(X)","(X)","(X)","(X)","(X)","(X)","(X)","(X)","(X)","(X)","(X)","(X)","(X)","357","126","200","101","157","70","0","13","0","13","70","55","98","72","0","13","24","33","72","57","10","24","83","68","(X)","(X)","17","28","121","70","219","100","9.1","3.3","0.0","18.3","0.0","27.3","0.0","38.0","0.0","18.3","8.2","3.6","8.6","4.7","7.8","5.7","18.8","12.7","18.3","14.6","11.4","5.5","7.3","3.5","9.0","3.3","13.2","29.3","-","**","0.0","50.2","-","**","0.0","47.0","23.5","54.9","33.8","30.0","8.0","3.3","8.4","3.5","72.0","40.8","24.7","25.0","16.3","13.5","4.4","2.5","4.1","2.1","2.8","2.0","4.1","3.8","1.6","1.7","43.6","51.6","100.0","63.3","23.0","48.5","9.6","3.5","0.7","1.1","17.7","9.4","41.0","17.8","(X)","(X)","(X)","(X)","(X)","(X)","(X)","(X)","(X)","(X)","(X)","(X)","(X)","(X)","(X)","(X)","12.7","4.5","16.1","7.5","10.0","5.1","-","**","-","**","23.6","13.6","7.0","5.2","0.0","8.4","11.1","14.9","43.6","25.6","5.8","14.3","85.6","25.6","(X)","(X)","0.8","1.3","27.3","12.7","79.6","18.4",
"1400000US25025030500","Census Tract 305, Suffolk County, Massachusetts","2388","298","145","53","91","41","54","31","145","53","1915","301","1236","266","679","133","430","125","328","97","1152","262","1236","146","2107","248","18","26","0","13","192","116","0","13","9","19","62","53","143","78","2023","249","1878","198","81","73","161","80","214","74","1422","179","1901","294","1878","295","947","262","931","144","23","32","0","13","23","32","2243","290","1366","217","546","260","331","108","127","73","218","115","218","115","261","108","269","108","486","170","767","214","1025","310","1449","289","646","260","803","147","0","13","0","13","365","243","637","141","119","77","111","72","84","52","84","41","49","28","8856","1583","939","203","384","241","126","64","215","113","0","13","0","13","0","13","0","13","169","95","106","84","63","49","46","60","46","60","70","81","145","71","160","93","1","2","0","13","53","61","0","13","0","13","1","2","0","13","160","93","139","86","39","58","1","2","41","46","58","43","112","70","89","64","25","38","64","54","23","32","0","13","23","32","215","113","27","32","68","58","120","81","(X)","(X)","(X)","(X)","(X)","(X)","(X)","(X)","(X)","(X)","(X)","(X)","(X)","(X)","(X)","(X)","176","96","47","72","129","67","0","13","0","13","76","58","30","37","2","4","38","41","23","27","7","12","0","13","(X)","(X)","27","32","68","58","81","55","9.0","4.8","0.0","23.8","0.0","33.9","0.0","44.8","0.0","23.8","8.8","5.2","8.6","7.0","9.3","6.8","10.7","12.9","14.0","16.2","6.1","7.1","11.7","5.4","7.6","4.5","5.6","16.6","-","**","27.6","28.9","-","**","0.0","100.0","1.6","4.4","0.0","24.1","7.9","4.7","7.4","4.4","48.1","48.4","0.6","1.4","19.2","21.2","4.1","3.1","5.9","3.8","4.7","3.5","2.6","4.1","6.9","5.7","100.0","68.6","-","**","100.0","68.6","9.6","5.1","2.0","2.3","12.5","11.6","36.3","17.0","(X)","(X)","(X)","(X)","(X)","(X)","(X)","(X)","(X)","(X)","(X)","(X)","(X)","(X)","(X)","(X)","12.1","6.9","7.3","11.4","16.1","7.8","-","**","-","**","20.8","21.2","4.7","6.0","1.7","3.6","34.2","28.4","27.4","28.2","8.3","13.8","0.0","47.0","(X)","(X)","2.9","3.4","17.7","17.9","64.3","21.3",
"1400000US25025040100","Census Tract 401, Suffolk County, Massachusetts","2496","377","415","159","153","67","262","147","415","159","1619","259","529","133","1090","244","575","141","462","125","1188","235","1308","201","2195","276","0","13","0","13","152","165","0","13","0","13","149","143","78","65","2135","279","2041","270","39","50","256","142","213","117","1533","265","1592","259","1545","247","760","173","785","130","47","43","31","39","16","18","2090","274","1248","221","362","134","480","130","84","71","235","109","235","109","245","111","265","111","410","167","469","175","769","290","1006","204","401","141","605","144","0","13","0","13","14","22","267","121","129","84","130","64","187","115","122","72","157","78","6388","3662","600","172","100","55","306","104","156","89","9","15","0","13","9","15","9","15","96","67","21","28","75","58","104","79","51","52","47","37","109","72","144","89","0","13","0","13","12","19","0","13","0","13","0","13","30","48","114","78","126","78","30","48","12","19","12","14","72","65","19","32","19","32","10","17","9","15","0","13","0","13","0","13","156","89","10","17","30","32","116","76","(X)","(X)","(X)","(X)","(X)","(X)","(X)","(X)","(X)","(X)","(X)","(X)","(X)","(X)","(X)","(X)","120","87","37","33","83","74","0","13","0","13","9","21","0","13","0","13","0","13","60","59","9","15","42","50","(X)","(X)","0","13","9","21","111","78","6.3","3.6","2.2","3.8","0.0","22.7","3.4","6.3","2.2","3.8","5.9","4.0","4.0","5.2","6.9","5.2","18.1","13.1","11.0","11.2","4.0","3.2","8.3","5.3","6.6","4.0","-","**","-","**","7.9","22.1","-","**","-","**","0.0","23.2","38.5","46.0","5.3","3.6","6.2","3.9","76.9","46.7","4.7","7.8","5.6","8.1","4.7","4.2","1.2","2.0","1.2","2.1","1.3","2.3","1.1","1.9","0.0","48.0","0.0","59.1","0.0","82.3","7.5","4.2","0.8","1.4","8.3","8.7","24.2","14.3","(X)","(X)","(X)","(X)","(X)","(X)","(X)","(X)","(X)","(X)","(X)","(X)","(X)","(X)","(X)","(X)","11.9","8.2","9.2","8.2","13.7","11.3","-","**","-","**","64.3","64.3","0.0","13.9","0.0","26.2","0.0","26.0","32.1","31.9","7.4","12.8","26.8","27.8","(X)","(X)","0.0","6.4","9.0","20.2","36.3","20.6",
"1400000US25025040200","Census Tract 402, Suffolk County, Massachusetts","1931","317","611","157","248","107","363","112","611","157","1192","187","502","171","690","110","177","75","128","67","892","200","1039","190","1159","172","519","325","0","13","119","101","0","13","27","38","107","111","347","174","1036","145","1256","194","187","94","215","120","103","42","751","187","1000","192","961","193","407","104","554","114","39","33","16","22","23","25","1361","206","714","129","311","96","336","108","274","191","487","204","537","202","610","205","666","197","784","204","920","224","996","226","374","104","145","66","229","63","0","13","0","13","3","6","124","59","82","41","44","32","106","83","0","13","15","16","N","N","192","60","61","33","121","85","472","203","182","123","46","41","136","104","182","123","282","116","104","69","178","96","23","22","8","12","181","94","291","154","110","89","242","182","0","13","57","76","0","13","27","38","36","46","202","138","46","38","252","92","156","91","33","31","24","22","39","31","94","54","60","44","16","24","44","37","34","32","16","22","18","24","305","120","0","13","106","61","199","89","(X)","(X)","(X)","(X)","(X)","(X)","(X)","(X)","(X)","(X)","(X)","(X)","(X)","(X)","(X)","(X)","114","83","36","47","78","49","0","13","0","13","0","13","9","11","0","13","24","28","73","79","0","13","8","12","(X)","(X)","0","13","9","11","105","83","24.4","9.6","29.8","16.7","18.5","15.4","37.5","23.4","29.8","16.7","23.7","9.1","20.7","12.9","25.8","11.1","13.0","12.1","6.3","10.4","20.3","10.2","28.0","12.1","9.5","7.0","46.6","34.0","-","**","47.9","44.4","-","**","100.0","63.3","33.6","47.3","58.2","27.2","4.4","3.6","20.1","7.3","83.4","16.2","15.3","15.9","23.3","20.9","5.2","4.3","9.4","5.3","6.2","4.5","3.9","5.9","7.9","6.3","87.2","24.5","100.0","82.2","78.3","44.6","22.4","8.5","0.0","5.4","34.1","16.6","59.2","18.1","(X)","(X)","(X)","(X)","(X)","(X)","(X)","(X)","(X)","(X)","(X)","(X)","(X)","(X)","(X)","(X)","30.5","17.0","24.8","27.4","34.1","15.7","-","**","-","**","0.0","100.0","7.3","8.2","0.0","36.1","54.5","40.0","68.9","31.2","-","**","53.3","53.3","(X)","(X)","0.0","18.7","14.8","18.9","86.8","16.7",
"1400000US25025040300","Census Tract 403, Suffolk County, Massachusetts","4750","471","991","182","445","148","546","151","991","182","3157","332","1560","270","1597","237","702","189","602","178","2258","306","2492","330","3869","359","433","331","0","13","281","226","0","13","11","18","156","112","193","140","3778","359","3552","366","205","169","427","189","379","157","2541","302","3099","352","3076","344","1564","255","1512","192","23","27","0","13","23","27","3759","372","2517","309","656","218","586","187","290","218","530","275","571","268","679","265","679","265","987","395","1168","401","1417","428","1486","249","798","196","688","152","0","13","0","13","45","37","626","149","214","114","252","131","115","86","181","108","53","62","N","N","1112","202","226","118","148","86","530","275","207","122","84","94","123","115","207","122","259","147","127","67","132","133","64","64","64","64","227","188","303","147","197","206","149","154","0","13","146","210","0","13","0","13","38","60","91","122","184","205","251","180","130","153","76","102","28","43","17","20","136","88","126","87","45","72","81","70","10","16","0","13","10","16","323","187","29","47","107","69","187","143","(X)","(X)","(X)","(X)","(X)","(X)","(X)","(X)","(X)","(X)","(X)","(X)","(X)","(X)","(X)","(X)","93","59","21","24","72","59","0","13","0","13","24","28","0","13","32","49","0","13","10","16","19","22","8","13","(X)","(X)","0","13","32","30","61","50","11.2","5.8","20.9","12.4","18.9","18.6","22.5","20.1","20.9","12.4","8.2","4.7","8.1","4.3","8.3","8.1","9.1","9.2","10.6","10.6","10.1","8.0","12.2","5.8","5.1","5.2","34.4","40.0","-","**","52.0","48.3","-","**","0.0","99.2","24.4","34.1","47.2","40.5","4.9","5.3","7.1","4.9","63.4","38.1","17.8","22.9","7.4","10.9","0.7","0.8","4.4","2.8","4.1","2.8","2.9","4.5","5.4","4.5","43.5","56.5","-","**","43.5","56.5","8.6","4.9","1.2","1.9","16.3","11.8","31.9","20.1","(X)","(X)","(X)","(X)","(X)","(X)","(X)","(X)","(X)","(X)","(X)","(X)","(X)","(X)","(X)","(X)","6.3","3.9","2.6","3.2","10.5","8.1","-","**","-","**","53.3","41.4","0.0","6.2","15.0","20.4","0.0","14.6","8.7","15.4","10.5","13.2","15.1","33.8","(X)","(X)","0.0","3.5","14.2","13.8","41.2","29.8",
"1400000US25025040401","Census Tract 404.01, Suffolk County, Massachusetts","3216","460","730","191","352","150","378","132","730","191","2101","346","637","154","1464","331","589","224","385","146","1539","239","1677","312","2563","493","132","109","3","5","359","314","0","13","22","38","137","137","202","145","2476","512","2391","345","207","96","559","274","371","110","1254","240","1753","264","1725","261","757","174","968","205","28","26","28","26","0","13","2486","337","1294","251","524","176","668","222","60","57","349","193","612","325","961","419","995","418","1120","430","1177","430","1500","427","760","157","331","121","429","122","0","13","0","13","52","50","212","85","79","40","111","77","201","94","62","54","43","55","N","N","448","119","164","77","148","85","287","205","68","92","0","13","68","92","68","92","181","123","53","54","128","83","50","52","38","48","131","111","156","119","169","111","64","85","3","5","0","13","0","13","22","38","29","45","66","68","169","111","196","114","47","53","43","51","73","65","33","40","51","53","51","53","0","13","51","53","0","13","0","13","0","13","219","134","0","13","62","62","157","107","(X)","(X)","(X)","(X)","(X)","(X)","(X)","(X)","(X)","(X)","(X)","(X)","(X)","(X)","(X)","(X)","114","77","31","49","83","65","0","13","0","13","0","13","8","13","0","13","25","38","43","54","38","48","0","13","(X)","(X)","0","13","33","40","81","69","8.9","6.5","9.3","13.2","0.0","10.7","18.0","23.2","9.3","13.2","8.6","5.9","8.3","8.1","8.7","6.1","8.5","9.2","9.9","12.3","8.5","7.3","9.3","7.2","6.6","4.6","48.5","43.9","100.0","100.0","0.0","10.5","-","**","100.0","70.1","21.2","25.4","32.7","29.8","6.8","4.7","8.2","5.0","22.7","24.6","7.7","10.0","19.7","17.1","2.6","3.2","2.9","3.1","3.0","3.2","0.0","5.1","5.3","5.7","0.0","62.2","0.0","62.2","-","**","8.8","5.5","0.0","3.0","11.8","12.3","23.5","15.5","(X)","(X)","(X)","(X)","(X)","(X)","(X)","(X)","(X)","(X)","(X)","(X)","(X)","(X)","(X)","(X)","15.0","9.7","9.4","14.3","19.3","14.9","-","**","-","**","0.0","45.6","3.8","6.2","0.0","36.9","22.5","30.0","21.4","25.2","61.3","46.5","0.0","50.2","(X)","(X)","0.0","8.5","20.1","21.7","54.7","32.9",
"1400000US25025040600","Census Tract 406, Suffolk County, Massachusetts","3549","387","528","139","318","108","210","121","528","139","2784","327","1508","279","1276","227","340","57","237","57","1858","275","1691","267","3047","343","165","162","0","13","185","176","0","13","69","56","83","72","145","72","2993","341","2921","333","17","18","303","179","235","95","2366","318","2657","349","2598","353","1392","237","1206","240","59","40","33","26","26","29","3033","333","2182","339","545","124","306","58","54","34","136","62","248","164","300","170","300","170","435","212","646","234","899","255","1628","356","879","253","749","226","0","13","0","13","94","54","962","292","263","171","137","74","88","52","43","33","41","39","8771","2431","1330","344","191","75","107","46","105","51","0","13","0","13","0","13","0","13","80","43","55","35","25","26","36","32","25","17","63","38","42","30","71","42","3","6","0","13","11","17","0","13","20","25","0","13","31","30","71","42","84","46","4","5","25","28","8","10","47","27","35","26","35","26","25","24","10","10","0","13","0","13","0","13","105","51","12","14","29","27","64","35","(X)","(X)","(X)","(X)","(X)","(X)","(X)","(X)","(X)","(X)","(X)","(X)","(X)","(X)","(X)","(X)","83","43","52","36","31","25","0","13","0","13","21","20","34","28","2","4","12","18","0","13","14","15","0","13","(X)","(X)","12","14","18","19","53","34","3.0","1.5","0.0","7.3","0.0","11.8","0.0","17.3","0.0","7.3","2.9","1.6","3.6","2.4","2.0","2.0","10.6","9.3","10.5","8.3","3.4","2.1","2.5","1.8","2.3","1.4","1.8","3.7","-","**","5.9","12.3","-","**","29.0","35.9","0.0","35.9","21.4","20.6","2.4","1.4","2.9","1.6","23.5","42.7","8.3","10.4","3.4","4.3","2.0","1.2","1.3","1.0","1.3","1.0","1.8","1.8","0.8","0.8","0.0","42.8","0.0","57.3","0.0","64.5","3.5","1.7","0.5","0.7","5.3","4.7","20.9","11.4","(X)","(X)","(X)","(X)","(X)","(X)","(X)","(X)","(X)","(X)","(X)","(X)","(X)","(X)","(X)","(X)","5.1","2.8","5.9","4.5","4.1","3.5","-","**","-","**","22.3","18.8","3.5","3.2","0.8","1.6","8.8","13.2","0.0","34.6","32.6","38.0","0.0","51.4","(X)","(X)","0.9","1.1","9.4","9.0","49.5","22.7",
"1400000US25025040801","Census Tract 408.01, Suffolk County, Massachusetts","4486","648","793","334","275","100","518","316","782","333","2988","361","945","216","2043","327","1242","310","705","249","1992","265","2494","456","2884","632","426","263","0","13","892","315","0","13","141","181","143","100","858","526","2351","327","3571","437","715","290","437","150","349","152","2070","279","2550","371","2423","366","1131","212","1292","254","127","69","41","39","86","64","3743","453","1822","320","730","239","1191","288","332","179","1217","385","1427","424","1584","414","1607","416","1806","428","2303","615","2490","639","1412","303","510","129","902","268","0","13","11","18","16","20","390","156","227","142","112","56","230","92","306","201","120","59","4665","2600","683","204","195","82","534","204","1190","383","330","167","129","80","201","152","319","167","643","197","241","104","402","130","302","201","217","192","508","158","682","261","311","197","241","216","0","13","481","295","0","13","113","179","44","50","358","202","114","62","776","271","354","215","223","138","180","107","19","29","394","197","313","204","123","100","190","112","81","66","31","37","50","58","883","298","33","35","283","204","567","251","(X)","(X)","(X)","(X)","(X)","(X)","(X)","(X)","(X)","(X)","(X)","(X)","(X)","(X)","(X)","(X)","349","198","109","70","240","176","0","13","11","18","16","20","48","51","2","17","39","37","56","46","144","178","33","32","(X)","(X)","19","28","42","27","288","189","26.5","7.7","41.6","19.4","46.9","25.2","38.8","27.7","40.8","19.6","21.5","6.4","25.5","9.8","19.7","6.8","24.3","13.7","30.8","20.5","25.5","7.5","27.3","9.2","10.8","6.4","56.6","26.3","-","**","53.9","23.5","-","**","80.1","45.3","30.8","33.2","41.7","26.1","4.8","2.8","21.7","6.9","49.5","22.0","51.0","19.8","51.6","19.7","0.9","1.4","15.5","6.9","12.9","7.7","10.9","8.6","14.7","7.9","63.8","30.0","75.6","40.6","58.1","38.7","23.6","7.1","1.8","1.9","38.8","19.0","47.6","13.0","(X)","(X)","(X)","(X)","(X)","(X)","(X)","(X)","(X)","(X)","(X)","(X)","(X)","(X)","(X)","(X)","24.7","11.4","21.4","11.9","26.6","15.6","-","**","100.0","99.2","100.0","82.2","12.3","12.4","0.9","7.7","34.8","26.4","24.3","17.7","47.1","36.9","27.5","23.1","(X)","(X)","2.8","4.1","21.5","15.2","53.9","20.3",
"1400000US25025050101","Census Tract 501.01, Suffolk County, Massachusetts","5539","883","1368","343","417","206","951","296","1368","343","3739","621","1337","319","2402","429","755","191","432","171","2996","636","2543","393","3086","605","110","149","74","104","329","205","0","19","382","271","1558","731","3472","863","1492","302","3676","508","1249","372","831","211","652","158","944","226","3250","602","2995","572","1751","400","1244","249","255","122","143","84","112","71","4223","635","1851","331","1404","410","968","200","521","213","1494","351","1803","390","2173","440","2350","415","3394","732","3835","727","4543","907","1366","260","687","191","679","191","0","19","0","19","183","98","356","132","211","111","223","103","219","86","57","48","117","111","6670","1581","488","137","415","140","463","143","1102","303","312","182","102","97","210","151","312","182","661","179","305","122","356","141","191","128","129","115","340","138","762","224","756","226","93","149","11","17","4","7","0","19","46","65","192","132","611","219","376","138","628","173","304","160","190","78","63","50","71","57","350","133","320","130","114","75","206","84","30","34","4","13","26","32","790","203","143","107","250","96","397","139","(X)","(X)","(X)","(X)","(X)","(X)","(X)","(X)","(X)","(X)","(X)","(X)","(X)","(X)","(X)","(X)","561","179","188","97","373","150","0","19","0","19","134","94","86","56","21","29","70","73","138","74","30","35","82","107","(X)","(X)","78","83","145","92","338","132","19.9","6.3","22.8","14.5","24.5","23.0","22.1","16.0","22.8","14.5","17.7","5.4","22.8","9.1","14.8","6.1","25.3","14.9","29.9","21.8","11.3","5.3","30.0","8.4","24.5","8.3","84.5","35.7","14.9","39.0","1.2","2.4","-","**","12.0","17.2","12.3","10.1","17.6","8.0","25.2","9.1","17.1","5.0","24.3","11.5","22.9","9.1","9.7","7.1","7.5","5.7","10.8","4.4","10.7","4.6","6.5","4.4","16.6","6.6","11.8","13.2","2.8","9.1","23.2","27.6","18.7","5.3","7.7","5.6","17.8","7.9","41.0","11.2","(X)","(X)","(X)","(X)","(X)","(X)","(X)","(X)","(X)","(X)","(X)","(X)","(X)","(X)","(X)","(X)","41.1","10.4","27.4","12.3","54.9","13.1","-","**","-","**","73.2","20.5","24.2","15.3","10.0","13.6","31.4","25.1","63.0","23.4","52.6","49.5","70.1","37.3","(X)","(X)","16.0","16.0","34.9","18.2","73.0","12.3",
"1400000US25025050200","Census Tract 502, Suffolk County, Massachusetts","5626","1054","1302","386","382","170","920","274","1302","386","3975","868","1954","463","2021","567","582","194","349","94","2930","562","2696","592","2586","714","162","110","120","181","355","263","9","17","556","274","1838","796","3438","888","1559","625","3809","845","1091","422","990","308","470","178","1258","452","3520","840","3360","783","1847","425","1513","485","160","148","74","119","86","65","4410","851","2375","702","1192","339","843","157","446","292","1285","544","1588","539","2030","524","2101","522","3529","761","3977","737","4354","841","1818","645","891","314","927","401","0","19","0","19","216","122","919","451","349","230","80","78","40","52","109","71","105","67","8388","1848","1085","612","358","172","375","126","834","422","309","306","125","126","184","192","309","306","485","157","305","123","180","106","40","34","40","34","387","295","447","191","415","258","0","19","0","19","3","6","0","19","73","54","343","381","621","446","210","135","417","165","136","134","111","88","99","82","71","57","273","130","255","127","133","90","122","70","18","28","0","19","18","28","525","157","42","45","256","130","227","108","(X)","(X)","(X)","(X)","(X)","(X)","(X)","(X)","(X)","(X)","(X)","(X)","(X)","(X)","(X)","(X)","394","120","125","78","269","123","0","19","0","19","108","65","141","80","63","69","32","51","10","16","8","14","32","36","(X)","(X)","17","19","184","93","193","106","14.8","6.9","23.7","19.3","32.7","25.8","20.0","17.8","23.7","19.3","12.2","4.1","15.6","6.5","8.9","4.5","6.9","6.2","11.5","10.2","13.2","9.5","16.6","6.4","16.0","10.0","0.0","21.7","0.0","27.7","0.8","1.7","0.0","100.0","13.1","7.0","18.7","17.6","18.1","11.6","13.5","9.5","10.9","4.3","12.5","11.9","11.2","9.4","21.1","14.1","5.6","4.9","7.8","3.9","7.6","3.9","7.2","5.0","8.1","5.1","11.3","21.9","0.0","38.2","20.9","31.4","11.9","3.7","1.8","2.0","21.5","10.5","26.9","10.0","(X)","(X)","(X)","(X)","(X)","(X)","(X)","(X)","(X)","(X)","(X)","(X)","(X)","(X)","(X)","(X)","21.7","8.9","14.0","9.3","29.0","16.4","-","**","-","**","50.0","19.5","15.3","10.7","18.1","18.7","40.0","48.0","25.0","57.4","7.3","13.0","30.5","30.5","(X)","(X)","1.6","2.1","51.4","22.2","51.5","19.7",
"1400000US25025050300","Census Tract 503, Suffolk County, Massachusetts","3215","443","583","211","233","102","350","193","583","211","2175","313","869","225","1306","241","723","206","457","165","1638","271","1577","254","1786","362","285","135","14","25","471","197","0","13","88","70","571","309","1461","376","1048","320","2345","321","587","231","592","178","493","140","673","172","1571","257","1406","228","734","142","672","152","165","105","34","35","131","86","2646","352","895","153","692","180","1059","242","344","214","1219","300","1279","309","1423","284","1557","310","2039","424","2248","480","2596","475","1037","234","627","201","410","133","0","13","0","13","149","111","132","83","121","71","171","90","218","97","69","40","177","147","5313","1768","276","91","197","108","564","185","1008","305","290","163","101","73","189","152","290","163","493","160","127","78","366","128","350","183","225","158","501","206","507","180","559","276","186","114","0","13","162","152","0","13","24","38","77","99","334","166","379","236","687","220","301","159","173","92","145","81","68","51","139","52","125","52","21","25","104","48","14","14","0","13","14","14","725","217","35","28","119","56","571","204","(X)","(X)","(X)","(X)","(X)","(X)","(X)","(X)","(X)","(X)","(X)","(X)","(X)","(X)","(X)","(X)","437","160","244","157","193","87","0","13","0","13","31","24","7","10","44","44","42","42","133","72","43","35","137","146","(X)","(X)","0","13","19","18","418","161","31.4","8.7","49.7","22.3","43.3","27.6","54.0","31.0","49.7","22.3","22.7","6.9","14.6","9.2","28.0","8.6","48.4","16.3","49.2","21.3","30.6","10.9","32.1","10.5","31.3","12.3","65.3","21.4","0.0","87.9","34.4","26.7","-","**","27.3","37.0","13.5","16.7","22.9","11.0","36.2","16.0","29.3","8.1","51.3","18.5","29.2","13.4","29.4","15.0","10.1","7.2","8.8","3.6","8.9","3.9","2.9","3.3","15.5","7.4","8.5","8.6","0.0","56.4","10.7","10.5","27.4","7.3","3.9","3.1","17.2","9.2","53.9","12.5","(X)","(X)","(X)","(X)","(X)","(X)","(X)","(X)","(X)","(X)","(X)","(X)","(X)","(X)","(X)","(X)","42.1","11.7","38.9","18.1","47.1","15.5","-","**","-","**","20.8","19.5","5.3","8.4","36.4","29.5","24.6","20.1","61.0","19.0","62.3","28.6","77.4","27.8","(X)","(X)","0.0","13.5","9.6","9.4","74.1","15.3",
"1400000US25025050400","Census Tract 504, Suffolk County, Massachusetts","2392","392","306","206","33","29","273","201","306","206","1820","285","904","205","916","225","366","140","266","84","1331","267","1061","278","1831","416","66","56","14","23","86","82","0","13","206","172","189","155","1127","318","1043","188","1887","268","339","190","555","231","257","108","736","159","1610","245","1515","229","899","209","616","172","95","84","52","71","43","42","2092","283","1157","216","474","156","461","172","134","120","523","227","658","252","768","253","855","254","1439","364","1676","372","1915","376","1339","277","859","251","480","115","0","13","0","13","103","76","511","148","188","106","199","141","127","123","114","68","97","48","8123","2846","788","230","201","81","350","154","252","140","0","13","0","13","0","13","0","13","192","134","51","32","141","129","137","119","60","44","115","115","137","70","162","78","0","13","0","13","0","13","0","13","90","114","0","13","75","42","100","58","242","137","91","114","45","40","84","57","22","21","76","52","56","42","7","10","49","41","20","25","5","8","15","23","252","140","0","13","61","43","191","135","(X)","(X)","(X)","(X)","(X)","(X)","(X)","(X)","(X)","(X)","(X)","(X)","(X)","(X)","(X)","(X)","252","140","115","115","137","70","0","13","0","13","10","17","41","27","41","49","0","13","100","116","34","37","26","29","(X)","(X)","0","13","61","43","191","135","10.5","5.8","0.0","12.2","0.0","57.3","0.0","13.6","0.0","12.2","10.5","7.0","5.6","3.4","15.4","12.6","37.4","24.6","22.6","17.1","8.6","8.1","12.9","7.4","8.8","4.9","0.0","40.5","0.0","87.9","0.0","35.1","-","**","43.7","38.9","0.0","19.0","6.7","4.0","9.6","5.8","12.8","6.8","26.8","28.2","8.1","8.0","32.7","19.8","3.0","2.7","4.7","3.3","3.7","2.9","0.8","1.1","8.0","6.9","21.1","29.3","9.6","25.2","34.9","48.6","12.0","6.3","0.0","3.4","12.9","9.0","41.4","20.3","(X)","(X)","(X)","(X)","(X)","(X)","(X)","(X)","(X)","(X)","(X)","(X)","(X)","(X)","(X)","(X)","18.8","9.6","13.4","12.3","28.5","14.0","-","**","-","**","9.7","14.6","8.0","5.2","21.8","22.8","0.0","18.1","78.7","37.1","29.8","31.1","26.8","29.1","(X)","(X)","0.0","4.9","30.3","18.4","54.6","23.0",
"1400000US25025050500","Census Tract 505, Suffolk County, Massachusetts","2394","326","455","123","198","79","257","102","455","123","1842","256","967","207","875","162","142","53","97","45","1164","198","1230","209","1264","268","96","75","0","13","96","72","34","48","334","177","570","212","1220","323","865","170","1682","220","369","144","290","139","181","78","842","137","1633","230","1472","212","797","152","675","123","161","103","130","100","31","28","1980","266","1050","164","608","166","322","104","55","50","335","156","404","177","550","205","753","195","1345","298","1583","304","1659","325","989","184","532","150","457","124","0","13","0","13","144","85","449","131","184","96","86","48","77","38","26","18","23","25","4900","1389","535","120","372","133","82","49","226","106","21","25","15","23","6","10","21","25","193","98","143","90","50","36","18","20","12","18","91","61","135","85","136","84","46","46","0","13","5","6","0","13","24","26","15","23","53","50","110","82","135","63","34","37","25","28","18","28","58","34","142","73","124","70","43","37","81","60","18","20","12","18","6","8","205","99","17","19","128","70","60","42","(X)","(X)","(X)","(X)","(X)","(X)","(X)","(X)","(X)","(X)","(X)","(X)","(X)","(X)","(X)","(X)","187","98","70","55","117","83","0","13","0","13","70","76","67","45","26","29","2","9","22","20","0","13","0","13","(X)","(X)","11","17","116","68","60","42","9.4","4.2","4.6","5.7","7.6","11.7","2.3","3.9","4.6","5.7","10.5","5.0","14.8","8.7","5.7","3.9","12.7","12.6","12.4","16.4","7.8","5.0","11.0","6.0","10.8","6.4","47.9","26.7","-","**","5.2","6.5","0.0","56.4","7.2","8.2","2.6","3.7","4.3","4.1","12.7","8.4","8.0","3.6","9.2","9.5","8.6","9.7","9.9","12.9","6.9","4.2","8.7","4.3","8.4","4.7","5.4","4.5","12.0","8.1","11.2","14.5","9.2","16.8","19.4","33.4","10.4","4.7","1.6","1.8","21.1","11.3","18.6","12.0","(X)","(X)","(X)","(X)","(X)","(X)","(X)","(X)","(X)","(X)","(X)","(X)","(X)","(X)","(X)","(X)","18.9","8.1","13.2","8.7","25.6","13.8","-","**","-","**","48.6","30.8","14.9","9.5","14.1","13.9","2.3","11.4","28.6","21.9","0.0","64.5","0.0","68.6","(X)","(X)","2.1","3.2","31.2","15.0","73.2","25.7",
"1400000US25025050600","Census Tract 506, Suffolk County, Massachusetts","2556","653","421","211","131","142","290","125","421","211","2082","484","1339","372","743","229","116","53","53","23","1397","381","1159","318","1322","247","110","80","0","13","39","42","0","13","93","62","992","729","1794","667","618","185","1965","494","460","223","568","211","317","159","620","151","1906","466","1891","467","1093","309","798","194","15","20","15","20","0","13","2155","487","1148","228","799","273","208","125","100","56","237","77","383","118","780","145","787","144","1348","490","1771","538","2103","583","1214","340","701","204","513","183","0","13","0","13","93","56","816","232","189","159","24","26","57","41","11","14","24","20","8887","2243","729","220","364","152","121","59","135","60","0","13","0","13","0","13","0","13","130","61","105","59","25","26","23","29","5","8","46","38","89","54","91","48","9","14","0","13","0","13","0","13","10","12","25","41","67","53","59","42","113","59","36","46","40","23","18","28","19","29","49","33","49","33","11","20","38","25","0","13","0","13","0","13","135","60","0","13","59","35","76","52","(X)","(X)","(X)","(X)","(X)","(X)","(X)","(X)","(X)","(X)","(X)","(X)","(X)","(X)","(X)","(X)","135","60","46","38","89","54","0","13","0","13","22","21","83","58","3","4","0","13","22","26","0","13","5","8","(X)","(X)","0","13","59","35","76","52","5.3","2.2","0.0","9.1","0.0","25.8","0.0","12.9","0.0","9.1","6.2","2.7","7.8","4.1","3.4","3.7","19.8","20.9","9.4","14.5","3.3","3.1","7.7","3.9","6.9","3.3","8.2","16.1","-","**","0.0","52.7","-","**","10.8","14.3","2.5","3.3","3.7","2.5","9.5","5.9","5.8","2.7","7.8","8.0","7.0","4.8","5.7","9.0","3.1","4.7","2.6","1.8","2.6","1.8","1.0","1.9","4.8","3.1","0.0","84.9","0.0","84.9","-","**","6.3","2.5","0.0","3.4","7.4","4.9","36.5","18.5","(X)","(X)","(X)","(X)","(X)","(X)","(X)","(X)","(X)","(X)","(X)","(X)","(X)","(X)","(X)","(X)","11.1","4.7","6.6","6.0","17.3","8.0","-","**","-","**","23.7","17.5","10.2","6.4","1.6","2.8","0.0","67.2","38.6","34.1","0.0","99.2","20.8","29.9","(X)","(X)","0.0","5.3","16.2","10.8","62.8","20.8",
"1400000US25025050700","Census Tract 507, Suffolk County, Massachusetts","5595","731","1191","346","258","153","933","296","1191","346","4159","570","1693","359","2466","480","443","141","245","97","3240","462","2355","450","2536","516","84","91","0","19","55","59","0","19","253","241","2667","903","4158","698","1289","314","4029","519","1471","370","993","251","417","278","1148","312","3772","556","3490","487","2397","401","1093","243","282","263","54","84","228","252","4535","568","2494","457","1315","458","726","206","357","243","1285","484","1975","615","2455","702","2606","713","3746","742","4516","853","4888","820","2010","553","1433","364","577","292","0","19","0","19","28","35","763","225","352","223","601","435","174","113","66","63","26","31","8205","2439","1205","372","509","438","296","126","782","392","318","244","90","91","228","174","318","244","457","189","285","152","172","113","7","15","7","15","338","174","444","248","284","179","0","19","0","19","0","19","0","19","17","19","481","356","505","358","264","178","403","160","212","124","113","70","21","33","57","59","176","108","176","108","97","89","79","66","0","19","0","19","0","19","464","188","6","10","176","107","282","127","(X)","(X)","(X)","(X)","(X)","(X)","(X)","(X)","(X)","(X)","(X)","(X)","(X)","(X)","(X)","(X)","275","124","129","89","146","86","0","19","0","19","7","11","128","89","41","41","66","70","26","41","7","15","0","19","(X)","(X)","6","10","53","50","216","112","14.0","6.3","26.7","16.3","34.9","30.5","24.4","15.1","26.7","16.3","11.0","4.3","16.8","7.6","7.0","4.6","1.6","3.5","2.9","6.0","10.4","5.0","18.9","9.5","11.2","6.7","0.0","35.6","-","**","0.0","44.4","-","**","6.7","10.1","18.0","11.4","12.1","7.9","20.5","13.2","10.0","3.7","14.4","6.9","11.4","6.5","5.0","8.9","5.0","5.2","4.7","2.8","5.0","3.0","4.0","3.6","7.2","6.2","0.0","13.2","0.0","44.8","0.0","16.0","10.2","4.0","0.2","0.4","13.4","8.5","38.8","16.8","(X)","(X)","(X)","(X)","(X)","(X)","(X)","(X)","(X)","(X)","(X)","(X)","(X)","(X)","(X)","(X)","13.7","6.1","9.0","6.1","25.3","17.0","-","**","-","**","25.0","51.7","16.8","10.3","11.6","13.2","11.0","14.5","14.9","18.5","10.6","22.8","0.0","64.5","(X)","(X)","0.5","0.8","10.4","14.7","73.0","16.6",
"1400000US25025050901","Census Tract 509.01, Suffolk County, Massachusetts","4715","922","1105","320","190","100","915","276","1104","320","3347","767","1589","588","1758","452","341","138","263","131","2472","608","2243","435","2483","531","60","63","0","13","48","47","0","13","311","256","1813","1106","3458","1015","1057","297","3256","615","1167","452","831","306","607","193","651","196","3067","615","2832","543","1512","376","1320","289","235","130","164","97","71","117","3737","758","2024","424","1143","471","570","246","485","501","1009","767","1400","760","1702","786","1876","798","2731","792","3296","824","3506","825","1535","609","941","413","594","270","0","13","1","2","193","198","687","379","283","218","98","68","158","119","105","109","10","15","10841","1935","794","270","454","320","287","241","761","570","322","289","70","76","252","216","321","289","394","356","369","351","25","40","45","56","45","56","367","256","394","342","144","117","0","13","0","13","5","7","0","13","0","13","612","559","711","564","45","46","313","193","154","122","41","52","83","118","35","43","246","175","246","175","107","110","139","128","0","13","0","13","0","13","499","371","36","42","210","175","253","239","(X)","(X)","(X)","(X)","(X)","(X)","(X)","(X)","(X)","(X)","(X)","(X)","(X)","(X)","(X)","(X)","324","317","152","134","172","203","0","13","1","2","126","192","127","132","0","13","25","40","0","13","45","56","0","13","(X)","(X)","11","12","88","97","225","234","16.1","10.2","29.1","21.5","36.8","33.6","27.5","20.1","29.1","21.5","11.8","9.1","23.2","15.5","1.4","2.3","13.2","14.1","17.1","16.6","14.8","8.6","17.6","13.4","5.8","4.6","0.0","42.5","-","**","10.4","16.9","-","**","0.0","12.1","33.8","19.4","20.6","12.4","4.3","4.4","9.6","5.3","13.2","9.8","4.9","6.7","13.7","19.6","5.4","6.9","8.0","5.4","8.7","5.9","7.1","7.1","10.5","9.5","0.0","15.6","0.0","21.4","0.0","39.0","13.4","8.5","1.8","2.1","18.4","11.5","44.4","29.1","(X)","(X)","(X)","(X)","(X)","(X)","(X)","(X)","(X)","(X)","(X)","(X)","(X)","(X)","(X)","(X)","21.1","14.9","16.2","10.0","29.0","26.5","-","**","100.0","100.0","65.3","46.9","18.5","13.2","0.0","13.2","25.5","37.8","0.0","22.1","42.9","20.6","0.0","100.0","(X)","(X)","1.4","1.7","19.4","14.4","78.4","28.3",
"1400000US25025051000","Census Tract 510, Suffolk County, Massachusetts","4923","723","903","241","248","138","655","203","903","241","3522","567","1697","452","1825","298","875","217","498","113","2272","440","2651","407","3062","504","229","150","0","13","240","154","34","52","208","159","1150","656","2115","745","2253","381","3723","590","438","191","1296","394","875","191","1114","307","3026","560","2886","555","1470","398","1416","301","140","93","88","67","52","65","4208","698","2080","394","1024","329","1104","247","554","275","860","294","1015","323","1657","663","1767","665","2589","792","3131","790","3594","800","1394","374","875","357","519","160","0","13","0","13","158","135","677","357","88","77","58","44","240","110","80","53","93","51","8613","1422","723","227","181","155","490","141","801","285","189","128","80","75","109","83","189","128","519","212","327","185","192","105","132","67","93","52","371","204","430","167","361","135","120","116","0","13","0","13","0","13","31","47","289","246","419","262","287","131","516","205","209","172","151","79","94","78","62","53","225","157","197","155","150","163","47","33","28","30","15","23","13","24","612","217","148","151","79","57","385","135","(X)","(X)","(X)","(X)","(X)","(X)","(X)","(X)","(X)","(X)","(X)","(X)","(X)","(X)","(X)","(X)","472","201","254","185","218","108","0","13","0","13","96","88","211","165","1","4","13","19","79","74","25","27","47","45","(X)","(X)","131","150","44","49","297","117","16.3","5.1","20.9","13.7","32.3","28.8","16.6","12.8","20.9","13.7","14.7","5.0","19.3","8.1","10.5","5.6","15.1","8.6","18.7","12.1","16.3","7.3","16.2","6.5","11.8","4.2","52.4","33.4","-","**","0.0","15.3","0.0","56.4","14.9","17.9","25.1","15.0","19.8","9.7","12.7","5.6","13.9","4.7","47.7","26.2","11.7","6.5","10.7","8.0","5.6","4.6","7.4","4.5","6.8","4.6","10.2","9.2","3.3","2.3","20.0","21.3","17.0","27.9","25.0","54.2","14.5","4.2","7.1","6.6","7.7","6.3","34.9","11.6","(X)","(X)","(X)","(X)","(X)","(X)","(X)","(X)","(X)","(X)","(X)","(X)","(X)","(X)","(X)","(X)","33.9","8.0","29.0","11.9","42.0","12.7","-","**","-","**","60.8","20.5","31.2","13.2","1.1","6.1","22.4","30.2","32.9","23.2","31.3","31.9","50.5","36.2","(X)","(X)","18.1","18.3","24.3","33.7","60.6","13.8",
"1400000US25025051101","Census Tract 511.01, Suffolk County, Massachusetts","7466","947","1020","246","370","153","650","194","980","240","5717","870","2660","519","3057","722","1018","338","729","225","3882","592","3584","612","5084","948","162","215","0","19","238","167","0","19","231","172","1751","706","3769","807","3182","737","5675","830","1227","414","2129","553","1159","506","1160","308","4828","748","4195","640","2400","493","1795","348","633","322","382","216","251","230","6465","857","2781","629","2192","571","1492","392","480","372","1539","639","1870","671","2476","622","2735","614","4150","818","5435","986","5855","893","2925","794","1635","556","1290","448","40","66","0","19","197","142","844","375","460","281","587","342","496","359","97","73","204","124","6212","2842","1313","591","1075","459","537","283","1252","603","354","249","97","109","257","185","314","238","830","418","302","157","528","357","205","227","68","69","699","392","553","320","751","379","0","19","0","19","0","19","0","19","0","19","501","405","956","529","296","220","750","404","259","228","306","265","117","104","68","73","396","248","222","145","45","93","177","113","174","182","143","185","31","38","898","441","144","93","289","208","465","332","(X)","(X)","(X)","(X)","(X)","(X)","(X)","(X)","(X)","(X)","(X)","(X)","(X)","(X)","(X)","(X)","582","325","363","288","219","173","40","66","0","19","60","63","60","72","36","55","214","237","137","209","0","19","35","42","(X)","(X)","70","67","180","185","332","257","16.8","7.5","34.7","20.9","26.2","25.4","39.5","25.2","32.0","21.2","14.5","6.7","11.4","6.4","17.3","9.7","20.1","19.0","9.3","9.3","18.0","8.8","15.4","8.7","14.8","7.2","0.0","21.7","-","**","0.0","15.4","-","**","0.0","15.8","28.6","20.5","25.4","13.5","9.3","6.6","13.2","6.4","21.1","16.6","14.4","10.6","10.1","9.5","5.9","6.8","8.2","5.0","5.3","3.5","1.9","3.9","9.9","6.4","27.5","25.8","37.4","36.6","12.4","24.5","13.9","6.3","5.2","3.4","13.2","9.5","31.2","16.9","(X)","(X)","(X)","(X)","(X)","(X)","(X)","(X)","(X)","(X)","(X)","(X)","(X)","(X)","(X)","(X)","19.9","10.2","22.2","16.7","17.0","13.6","100.0","52.0","-","**","30.5","19.7","7.1","9.7","7.8","12.8","36.5","33.7","27.6","38.4","0.0","32.4","17.2","20.6","(X)","(X)","5.3","6.3","16.7","16.0","61.8","23.8",
"1400000US25025051200","Census Tract 512, Suffolk County, Massachusetts","3176","415","326","154","170","118","156","88","326","154","2406","356","1459","334","947","178","578","152","444","148","1608","276","1568","274","2361","297","123","120","24","41","187","140","0","13","49","49","432","198","933","253","1816","291","2543","339","373","176","516","187","353","144","1301","266","2103","351","2012","333","1140","264","872","197","91","103","1","3","90","103","2896","400","1437","266","698","224","761","206","185","113","469","239","558","256","568","255","830","265","947","271","1446","356","1959","392","1280","344","708","214","572","203","0","13","0","13","244","164","643","239","113","65","45","45","70","51","64","40","101","62","10580","2104","758","247","260","132","262","129","427","236","129","124","52","59","77","83","129","124","275","149","190","119","85","70","49","52","23","37","145","118","282","150","274","194","0","13","24","41","75","100","0","13","10","15","44","71","166","159","118","69","203","140","93","82","2","5","24","30","84","101","182","120","105","64","43","45","62","48","77","100","1","3","76","100","298","153","25","23","130","76","143","114","(X)","(X)","(X)","(X)","(X)","(X)","(X)","(X)","(X)","(X)","(X)","(X)","(X)","(X)","(X)","(X)","179","125","63","47","116","107","0","13","0","13","73","56","73","99","0","13","1","3","9","15","23","37","0","13","(X)","(X)","1","3","81","59","97","106","13.4","7.4","39.6","30.6","30.6","29.7","49.4","42.9","39.6","30.6","11.4","6.3","13.0","7.9","9.0","7.4","8.5","8.6","5.2","8.0","9.0","7.8","18.0","8.9","11.6","8.0","0.0","27.2","100.0","67.2","40.1","39.9","-","**","20.4","24.7","10.2","15.5","17.8","19.1","6.5","3.8","8.0","5.6","24.9","20.0","0.4","1.0","6.8","8.4","6.5","7.3","8.7","5.7","5.2","3.4","3.8","4.2","7.1","5.6","84.6","35.4","100.0","100.0","84.4","35.8","10.3","5.4","1.7","1.6","18.6","11.7","18.8","13.6","(X)","(X)","(X)","(X)","(X)","(X)","(X)","(X)","(X)","(X)","(X)","(X)","(X)","(X)","(X)","(X)","14.0","9.3","8.9","6.6","20.3","16.4","-","**","-","**","29.9","24.7","11.4","14.8","0.0","29.0","2.2","6.1","12.9","20.3","35.9","46.8","0.0","31.5","(X)","(X)","0.1","0.3","31.2","22.5","37.0","28.6",
"1400000US25025060101","Census Tract 601.01, Suffolk County, Massachusetts","3487","455","364","139","192","94","172","89","349","126","2820","407","1707","374","1113","164","447","119","303","85","1609","223","1878","394","3407","448","23","25","0","13","17","20","0","13","0","13","40","42","57","54","3350","449","2835","352","24","29","305","144","316","109","2190","303","2586","379","2462","324","1135","202","1327","288","124","100","39","43","85","90","3150","411","2236","313","489","153","425","134","121","78","152","80","152","80","214","125","231","130","489","175","867","261","1329","362","1731","397","658","184","1073","372","15","21","0","13","190","137","1027","322","194","115","86","56","85","46","53","32","81","61","11366","1712","1268","304","304","134","159","87","131","78","15","21","0","13","15","21","0","13","106","72","74","61","32","39","10","15","10","15","46","43","85","65","126","77","0","13","0","13","5","8","0","13","0","13","0","13","0","13","126","77","52","44","0","13","20","22","0","13","32","39","30","38","0","13","0","13","0","13","30","38","24","38","6","9","116","75","0","13","58","45","58","58","(X)","(X)","(X)","(X)","(X)","(X)","(X)","(X)","(X)","(X)","(X)","(X)","(X)","(X)","(X)","(X)","131","78","46","43","85","65","15","21","0","13","64","60","10","16","24","38","0","13","8","13","0","13","10","15","(X)","(X)","0","13","58","45","73","63","3.8","2.1","4.1","5.1","0.0","18.7","8.7","12.1","0.0","10.8","3.8","2.4","4.3","3.3","2.9","3.5","2.2","3.4","3.3","5.1","2.9","2.7","4.5","3.1","3.7","2.1","0.0","68.6","-","**","29.4","54.9","-","**","-","**","0.0","52.0","0.0","43.6","3.8","2.1","1.8","1.6","0.0","67.2","6.6","7.5","0.0","11.9","1.5","1.8","1.2","1.5","0.0","1.6","0.0","3.5","0.0","3.0","24.2","33.3","61.5","56.1","7.1","15.1","3.7","2.2","0.0","1.8","11.9","8.2","13.6","12.6","(X)","(X)","(X)","(X)","(X)","(X)","(X)","(X)","(X)","(X)","(X)","(X)","(X)","(X)","(X)","(X)","7.6","4.2","7.0","6.7","7.9","5.5","100.0","84.9","-","**","33.7","14.6","1.0","1.6","12.4","19.1","0.0","35.1","9.4","15.0","0.0","45.2","12.3","21.3","(X)","(X)","0.0","3.1","19.1","13.8","45.9","27.4",
"1400000US25025060200","Census Tract 602, Suffolk County, Massachusetts","2107","424","184","53","50","40","134","48","184","53","1696","416","1056","360","640","150","303","71","227","63","1096","398","1011","138","2072","423","16","16","0","13","4","6","0","13","11","13","4","7","70","40","2010","423","1779","409","43","32","243","106","176","64","1317","353","1682","411","1574","315","806","297","768","116","108","114","93","113","15","14","1985","417","1254","215","406","203","325","99","66","55","103","61","137","74","228","127","255","131","418","206","603","251","827","309","1190","381","586","382","604","115","0","13","0","13","122","58","700","343","144","91","66","36","60","35","39","26","59","46","11264","1915","843","197","235","180","112","67","73","56","0","13","0","13","0","13","0","13","66","55","55","50","11","17","7","10","7","10","35","48","38","27","73","56","0","13","0","13","0","13","0","13","0","13","0","13","1","5","72","55","66","56","5","7","11","17","0","13","50","50","62","56","28","27","0","13","28","27","34","48","34","48","0","13","73","56","8","13","24","23","41","49","(X)","(X)","(X)","(X)","(X)","(X)","(X)","(X)","(X)","(X)","(X)","(X)","(X)","(X)","(X)","(X)","73","56","35","48","38","27","0","13","0","13","7","9","48","50","0","13","0","13","11","17","6","8","1","5","(X)","(X)","8","13","24","23","41","49","3.5","2.2","0.0","19.4","0.0","46.5","0.0","25.4","0.0","19.4","3.9","2.6","5.2","3.5","1.7","2.6","2.3","3.4","3.1","4.6","3.2","3.3","3.8","2.8","3.5","2.2","0.0","82.3","-","**","0.0","100.0","-","**","0.0","99.2","0.0","100.0","1.4","6.7","3.6","2.3","3.7","2.5","11.6","20.6","4.5","7.0","0.0","20.2","3.8","3.0","3.7","2.7","1.8","1.8","0.0","4.8","3.6","3.5","31.5","14.1","36.6","11.9","0.0","84.9","3.7","2.3","0.6","1.0","5.9","6.5","12.6","13.5","(X)","(X)","(X)","(X)","(X)","(X)","(X)","(X)","(X)","(X)","(X)","(X)","(X)","(X)","(X)","(X)","6.1","3.5","6.0","4.7","6.3","4.6","-","**","-","**","5.7","7.2","6.9","4.9","0.0","23.9","0.0","40.5","18.3","26.1","15.4","22.2","1.7","9.0","(X)","(X)","0.9","1.6","10.2","14.6","36.6","32.6",
"1400000US25025060301","Census Tract 603.01, Suffolk County, Massachusetts","4029","604","382","143","210","61","172","139","382","143","3199","582","2190","596","1009","236","614","184","448","162","1751","278","2278","528","3842","598","23","28","0","13","14","18","0","13","77","67","73","59","137","77","3782","598","3458","593","67","40","403","134","442","178","2546","555","3038","589","3018","590","1278","229","1740","549","20","22","0","13","20","22","3666","593","2604","598","473","138","589","195","197","143","280","158","300","159","373","169","418","172","630","212","865","241","1436","340","2359","608","945","232","1414","545","0","13","0","13","158","80","1661","584","156","91","116","105","105","60","49","28","114","74","9646","1590","1870","608","271","111","218","96","270","158","29","44","0","13","29","44","29","44","125","70","65","56","60","44","116","128","116","128","104","83","166","91","209","150","23","28","0","13","0","13","0","13","27","42","11","18","27","42","209","150","220","146","27","27","44","59","83","81","66","52","44","33","34","31","13","21","21","22","10","15","0","13","10","15","241","148","0","13","44","33","197","143","(X)","(X)","(X)","(X)","(X)","(X)","(X)","(X)","(X)","(X)","(X)","(X)","(X)","(X)","(X)","(X)","151","73","51","40","100","56","0","13","0","13","21","23","44","49","11","18","11","16","28","26","13","17","23","23","(X)","(X)","0","13","34","31","117","62","6.7","4.1","7.6","11.3","0.0","17.3","16.9","29.0","7.6","11.3","3.9","2.4","3.0","2.6","5.9","4.6","18.9","17.7","25.9","22.5","5.9","4.7","7.3","4.6","5.4","4.0","100.0","68.6","-","**","0.0","87.9","-","**","35.1","48.8","15.1","27.4","19.7","28.6","5.5","4.0","6.4","4.2","40.3","37.2","10.9","13.6","18.8","17.5","2.6","2.2","1.4","1.2","1.1","1.1","1.0","1.6","1.2","1.4","50.0","50.0","-","**","50.0","50.0","6.6","4.1","0.0","1.5","9.3","7.3","33.4","17.6","(X)","(X)","(X)","(X)","(X)","(X)","(X)","(X)","(X)","(X)","(X)","(X)","(X)","(X)","(X)","(X)","6.4","3.3","5.4","4.2","7.1","4.8","-","**","-","**","13.3","13.8","2.6","3.0","7.1","10.7","9.5","17.6","26.7","23.1","26.5","35.1","20.2","23.7","(X)","(X)","0.0","2.1","12.5","12.7","53.7","24.2",
"1400000US25025060400","Census Tract 604, Suffolk County, Massachusetts","5349","854","524","351","402","338","122","142","524","351","4382","621","2976","433","1406","460","752","212","443","159","2455","501","2894","547","5127","813","36","66","0","19","82","71","0","19","0","19","104","158","125","161","5102","812","4526","569","95","81","463","211","476","164","3492","526","3925","632","3902","627","1855","388","2047","459","23","39","0","19","23","39","4825","591","3441","649","696","320","688","269","217","228","318","241","373","256","415","268","415","268","790","452","1214","535","1913","525","2836","489","1183","325","1653","417","0","19","0","19","212","142","1952","410","207","164","62","56","168","117","117","95","118","99","N","N","2015","440","491","302","330","188","295","239","0","19","0","19","0","19","0","19","256","231","208","231","48","57","39","47","39","47","54","63","241","239","237","194","0","19","0","19","54","59","0","19","0","19","4","9","0","19","237","194","221","147","0","19","53","57","22","36","146","136","12","20","12","20","0","19","12","20","0","19","0","19","0","19","295","239","0","19","146","136","149","132","(X)","(X)","(X)","(X)","(X)","(X)","(X)","(X)","(X)","(X)","(X)","(X)","(X)","(X)","(X)","(X)","295","239","54","63","241","239","0","19","0","19","74","112","134","135","0","19","16","22","32","52","17","31","22","36","(X)","(X)","0","19","146","136","149","132","5.5","4.4","0.0","7.3","0.0","9.5","0.0","27.3","0.0","7.3","5.8","5.1","7.0","7.5","3.4","4.2","5.2","7.0","8.8","11.9","2.2","2.6","8.3","7.9","4.6","3.7","0.0","54.8","-","**","65.9","36.8","-","**","-","**","3.8","15.8","0.0","26.8","4.6","3.8","4.9","3.2","0.0","32.9","11.4","13.0","4.6","7.6","4.2","3.8","0.3","0.5","0.3","0.5","0.0","2.1","0.6","1.0","0.0","68.6","-","**","0.0","68.6","6.1","4.8","0.0","1.2","21.0","15.1","21.7","16.5","(X)","(X)","(X)","(X)","(X)","(X)","(X)","(X)","(X)","(X)","(X)","(X)","(X)","(X)","(X)","(X)","10.4","7.9","4.6","5.6","14.6","13.1","-","**","-","**","34.9","45.6","6.9","6.6","0.0","17.5","25.8","36.9","19.0","28.8","14.5","25.2","18.6","31.0","(X)","(X)","0.0","2.0","29.7","18.1","45.2","28.6",
"1400000US25025060501","Census Tract 605.01, Suffolk County, Massachusetts","4335","621","457","152","217","141","240","165","457","152","3503","564","1787","437","1716","324","456","182","375","160","2139","328","2196","441","3704","617","97","85","0","13","456","326","0","13","31","52","47","44","165","104","3616","618","3546","477","130","111","339","243","399","158","2678","389","3233","512","3215","512","1686","333","1529","333","18","22","18","22","0","13","3917","585","2694","479","641","192","582","223","84","89","163","103","228","140","387","175","387","175","673","182","1139","311","1628","536","2156","353","1135","224","1021","297","0","13","0","13","163","91","1232","343","227","102","246","151","97","76","103","70","88","76","N","N","1588","352","316","132","252","177","163","103","0","13","0","13","0","13","0","13","136","97","65","69","71","86","27","32","27","32","14","17","149","101","163","103","0","13","0","13","0","13","0","13","0","13","0","13","0","13","163","103","158","103","0","13","75","87","0","13","83","75","74","71","65","69","5","9","60","68","9","17","9","17","0","13","163","103","29","47","45","51","89","92","(X)","(X)","(X)","(X)","(X)","(X)","(X)","(X)","(X)","(X)","(X)","(X)","(X)","(X)","(X)","(X)","163","103","14","17","149","101","0","13","0","13","5","9","60","68","0","13","71","86","0","13","0","13","27","32","(X)","(X)","29","47","45","51","89","92","3.8","2.4","0.0","8.4","0.0","16.8","0.0","15.3","0.0","8.4","3.9","2.9","3.6","3.8","4.1","5.1","5.9","7.3","7.2","8.7","0.7","0.8","6.8","4.7","4.4","2.9","0.0","32.4","-","**","0.0","8.4","-","**","0.0","59.1","0.0","48.0","0.0","21.3","4.5","2.9","4.5","2.9","0.0","26.0","22.1","22.6","0.0","9.5","3.1","2.7","2.3","2.2","2.0","2.1","0.3","0.5","3.9","4.3","50.0","50.0","50.0","50.0","-","**","4.2","2.7","1.1","1.7","7.0","7.9","15.3","14.0","(X)","(X)","(X)","(X)","(X)","(X)","(X)","(X)","(X)","(X)","(X)","(X)","(X)","(X)","(X)","(X)","7.6","4.6","1.2","1.4","14.6","9.5","-","**","-","**","3.1","5.2","4.9","5.4","0.0","16.1","28.9","31.1","0.0","32.4","0.0","31.1","30.7","40.3","(X)","(X)","1.8","2.9","14.2","15.9","35.3","20.1",
"1400000US25025060601","Census Tract 606.01, Suffolk County, Massachusetts","1831","405","150","91","32","29","118","87","150","91","1496","379","855","235","641","272","249","102","185","89","1052","293","779","232","1293","273","31","46","0","13","406","316","0","13","3","6","98","80","82","50","1233","254","1623","379","65","74","111","60","197","81","1250","372","1434","377","1422","377","834","290","588","186","12","16","2","5","10","15","1710","384","1277","369","167","79","266","115","119","93","171","96","210","104","210","104","236","111","385","141","631","244","726","255","991","239","629","198","362","164","0","13","0","13","49","43","593","212","105","61","65","56","65","54","86","57","28","33","N","N","762","233","68","55","161","71","148","92","11","17","0","13","11","17","11","17","73","47","9","10","64","44","91","86","64","74","89","57","59","56","63","46","2","5","0","13","80","83","0","13","3","6","0","13","5","6","61","44","130","85","56","72","18","17","29","26","27","44","16","15","4","6","1","5","3","6","12","16","2","5","10","15","148","92","3","6","3","8","142","93","(X)","(X)","(X)","(X)","(X)","(X)","(X)","(X)","(X)","(X)","(X)","(X)","(X)","(X)","(X)","(X)","79","47","67","45","12","15","0","13","0","13","3","6","2","5","15","18","3","7","36","46","9","14","11","17","(X)","(X)","3","6","3","8","73","48","8.1","5.0","7.3","12.3","0.0","58.2","9.3","16.5","7.3","12.3","4.9","3.2","1.1","1.2","10.0","7.4","36.5","26.5","34.6","31.1","8.5","5.7","7.6","7.1","4.9","3.4","6.5","25.9","-","**","19.7","25.9","-","**","100.0","100.0","0.0","32.2","6.1","7.9","4.9","3.5","8.0","5.3","86.2","29.1","16.2","16.5","14.7","13.6","2.2","3.5","1.1","1.1","0.3","0.4","0.1","0.6","0.5","1.0","100.0","95.0","100.0","100.0","100.0","100.0","8.7","5.4","0.2","0.4","1.8","4.5","53.4","22.8","(X)","(X)","(X)","(X)","(X)","(X)","(X)","(X)","(X)","(X)","(X)","(X)","(X)","(X)","(X)","(X)","8.0","5.1","10.7","8.0","3.3","4.5","-","**","-","**","6.1","12.3","0.3","0.9","14.3","17.3","4.6","11.0","55.4","43.8","10.5","16.8","39.3","60.3","(X)","(X)","0.4","0.8","4.4","11.8","45.3","25.6",
"1400000US25025060602","Census Tract 606.02, Suffolk County, Massachusetts","314","116","12","19","12","19","0","13","12","19","302","115","203","107","99","72","36","44","0","13","222","87","92","50","248","120","0","13","0","13","30","37","0","13","0","13","36","28","0","13","248","120","292","114","0","13","9","14","33","25","250","114","293","115","273","117","198","84","75","51","20","25","12","19","8","15","302","115","153","88","120","90","29","29","12","19","21","24","48","47","48","47","53","46","74","48","77","48","77","48","249","120","175","88","74","52","0","13","0","13","5","9","163","106","10","16","0","13","71","63","0","13","0","13","N","N","118","90","110","91","21","24","12","19","0","13","0","13","0","13","0","13","12","19","12","19","0","13","0","13","0","13","12","19","0","13","0","13","0","13","0","13","0","13","0","13","0","13","12","19","0","13","0","13","12","19","0","13","0","13","12","19","0","13","12","19","0","13","0","13","0","13","12","19","12","19","0","13","12","19","0","13","0","13","12","19","(X)","(X)","(X)","(X)","(X)","(X)","(X)","(X)","(X)","(X)","(X)","(X)","(X)","(X)","(X)","(X)","12","19","12","19","0","13","0","13","0","13","0","13","12","19","0","13","0","13","0","13","0","13","0","13","(X)","(X)","0","13","0","13","12","19","3.8","6.1","0.0","95.0","0.0","95.0","-","**","0.0","95.0","4.0","6.4","5.9","9.5","0.0","32.0","0.0","54.8","-","**","5.4","8.6","0.0","33.6","0.0","14.9","-","**","-","**","0.0","60.1","-","**","-","**","33.3","41.1","-","**","0.0","14.9","4.1","6.6","-","**","0.0","100.0","36.4","52.8","0.0","14.7","4.1","6.6","0.0","13.6","0.0","18.2","0.0","38.0","60.0","58.1","100.0","95.0","0.0","100.0","4.0","6.4","0.0","22.7","0.0","27.7","41.4","49.9","(X)","(X)","(X)","(X)","(X)","(X)","(X)","(X)","(X)","(X)","(X)","(X)","(X)","(X)","(X)","(X)","4.8","8.1","6.9","11.3","0.0","38.2","-","**","-","**","0.0","100.0","7.4","12.2","0.0","100.0","-","**","0.0","39.0","-","**","-","**","(X)","(X)","0.0","28.1","0.0","29.6","57.1","57.1",
"1400000US25025060603","Census Tract 606.03, Suffolk County, Massachusetts","1021","247","45","36","45","36","0","13","45","36","959","238","579","189","380","151","35","34","17","27","568","167","453","149","924","240","30","35","0","13","51","46","0","13","0","13","16","18","19","22","924","240","887","204","0","13","0","13","27","40","860","197","867","193","867","193","514","159","353","106","0","13","0","13","0","13","976","241","657","157","218","137","101","125","0","13","0","13","0","13","0","13","0","13","160","177","221","216","298","215","434","160","265","141","169","90","0","13","0","13","33","35","228","130","82","69","61","51","30","27","0","13","0","13","-","**","300","134","134","126","0","13","0","13","0","13","0","13","0","13","0","13","0","13","0","13","0","13","0","13","0","13","0","13","0","13","0","13","0","13","0","13","0","13","0","13","0","13","0","13","0","13","0","13","0","13","0","13","0","13","0","13","0","13","0","13","0","13","0","13","0","13","0","13","0","13","0","13","0","13","0","13","0","13","0","13","(X)","(X)","(X)","(X)","(X)","(X)","(X)","(X)","(X)","(X)","(X)","(X)","(X)","(X)","(X)","(X)","0","13","0","13","0","13","0","13","0","13","0","13","0","13","0","13","0","13","0","13","0","13","0","13","(X)","(X)","0","13","0","13","0","13","0.0","3.8","0.0","49.0","0.0","49.0","-","**","0.0","49.0","0.0","4.1","0.0","6.7","0.0","10.0","0.0","55.6","0.0","79.8","0.0","6.8","0.0","8.4","0.0","4.2","0.0","60.1","-","**","0.0","46.1","-","**","-","**","0.0","82.3","0.0","75.5","0.0","4.2","0.0","4.4","-","**","-","**","0.0","63.3","0.0","4.5","0.0","4.5","0.0","4.5","0.0","7.5","0.0","10.7","-","**","-","**","-","**","0.0","4.0","0.0","5.9","0.0","16.7","0.0","31.5","(X)","(X)","(X)","(X)","(X)","(X)","(X)","(X)","(X)","(X)","(X)","(X)","(X)","(X)","(X)","(X)","0.0","8.8","0.0","14.0","0.0","20.9","-","**","-","**","0.0","57.3","0.0","16.0","0.0","36.1","0.0","42.1","0.0","60.1","-","**","-","**","(X)","(X)","0.0","12.5","0.0","25.4","-","**",
"1400000US25025060604","Census Tract 606.04, Suffolk County, Massachusetts","1608","291","96","71","45","44","51","50","96","71","1410","264","443","141","967","219","238","79","102","58","895","194","713","152","1219","210","93","105","0","13","244","163","0","13","0","13","52","48","95","95","1164","208","1439","266","0","13","43","40","67","65","1329","248","1287","242","1256","239","755","172","501","117","31","35","15","23","16","26","1512","269","1000","209","338","110","174","99","9","14","52","40","61","43","61","43","114","96","152","100","250","131","271","134","938","196","539","154","399","97","0","13","0","13","35","24","312","117","241","130","228","152","76","38","36","26","10","15","N","N","722","186","181","74","35","32","44","37","0","13","0","13","0","13","0","13","36","31","27","27","9","14","8","14","8","14","15","23","29","28","40","36","0","13","0","13","4","7","0","13","0","13","0","13","0","13","40","36","32","34","0","13","0","13","8","14","24","27","27","27","12","14","0","13","12","14","15","23","15","23","0","13","44","37","0","13","27","27","17","24","(X)","(X)","(X)","(X)","(X)","(X)","(X)","(X)","(X)","(X)","(X)","(X)","(X)","(X)","(X)","(X)","44","37","15","23","29","28","0","13","0","13","12","14","15","23","9","14","0","13","0","13","8","14","0","13","(X)","(X)","0","13","27","27","17","24","2.7","2.3","0.0","32.7","0.0","49.0","0.0","46.1","0.0","32.7","2.6","2.2","6.1","6.3","0.9","1.5","3.4","6.4","7.8","13.8","1.7","2.6","4.1","4.0","3.3","3.0","0.0","33.4","-","**","1.6","3.0","-","**","-","**","0.0","45.6","0.0","32.9","3.4","3.1","2.2","2.4","-","**","0.0","50.2","11.9","25.9","1.8","2.0","2.1","2.2","1.0","1.1","0.0","5.2","2.4","2.9","48.4","51.6","100.0","84.9","0.0","82.3","2.9","2.5","0.0","3.9","8.0","8.0","9.8","14.0","(X)","(X)","(X)","(X)","(X)","(X)","(X)","(X)","(X)","(X)","(X)","(X)","(X)","(X)","(X)","(X)","4.7","4.0","2.8","4.3","7.3","7.2","-","**","-","**","34.3","32.6","4.8","7.2","3.7","6.3","0.0","16.0","0.0","37.7","22.2","39.6","0.0","100.0","(X)","(X)","0.0","5.4","14.9","14.1","48.6","49.6",
"1400000US25025060700","Census Tract 607, Suffolk County, Massachusetts","2454","373","672","166","161","80","511","139","672","166","1477","241","617","141","860","189","435","158","305","160","1018","237","1436","266","543","154","815","336","0","13","206","128","0","13","435","201","455","231","1156","272","251","107","1491","278","565","178","457","200","370","115","99","51","1031","269","707","128","282","90","425","106","324","242","131","174","193","173","1807","296","355","108","661","250","791","174","592","266","1216","300","1516","380","1785","396","1824","389","2267","387","2318","391","2369","381","477","244","237","184","240","162","0","13","0","13","17","17","11","17","128","174","86","49","78","44","129","163","28","22","6108","1965","64","46","294","230","119","54","1010","281","361","160","48","34","313","141","361","160","550","150","233","114","317","78","153","65","99","63","357","109","653","214","229","100","241","147","0","13","141","126","0","13","326","179","73","65","581","192","38","33","558","162","224","88","107","53","195","98","32","26","224","78","178","67","42","39","136","61","46","40","2","7","44","39","665","181","31","33","167","74","467","173","(X)","(X)","(X)","(X)","(X)","(X)","(X)","(X)","(X)","(X)","(X)","(X)","(X)","(X)","(X)","(X)","153","67","77","42","76","48","0","13","0","13","17","17","0","13","1","3","53","44","53","38","15","18","14","21","(X)","(X)","10","15","46","40","97","52","41.2","10.7","53.7","16.9","29.8","21.7","61.3","16.4","53.7","16.9","37.2","10.2","37.8","15.1","36.9","10.9","35.2","17.3","32.5","23.5","35.1","12.1","45.5","11.9","42.2","15.3","29.6","18.0","-","**","68.4","30.0","-","**","74.9","15.8","16.0","14.8","50.3","14.7","15.1","13.5","37.4","10.7","39.6","16.0","23.4","14.4","52.7","17.2","32.3","28.0","21.7","9.4","25.2","8.9","14.9","12.8","32.0","12.6","14.2","18.4","1.5","7.9","22.8","28.0","36.8","9.9","8.7","9.0","25.3","13.6","59.0","12.9","(X)","(X)","(X)","(X)","(X)","(X)","(X)","(X)","(X)","(X)","(X)","(X)","(X)","(X)","(X)","(X)","32.1","22.7","32.5","30.8","31.7","31.3","-","**","-","**","100.0","79.8","0.0","99.2","0.8","2.6","61.6","32.5","67.9","33.1","11.6","25.9","50.0","50.0","(X)","(X)","15.6","25.8","15.6","24.8","81.5","16.3",
"1400000US25025060800","Census Tract 608, Suffolk County, Massachusetts","4051","602","172","117","49","79","123","85","172","117","3644","539","2001","474","1643","430","331","111","235","113","1787","374","2264","431","3295","374","1","7","0","13","506","438","0","13","74","94","175","191","184","145","3167","378","3622","518","121","87","310","236","289","121","2902","474","3506","537","3325","438","1370","330","1955","377","181","189","106","149","75","111","3879","575","2908","464","623","256","348","119","120","81","286","177","286","177","319","181","361","190","496","226","840","293","1456","548","2309","473","867","269","1442","364","0","13","0","13","242","188","1373","403","460","220","52","50","93","70","48","36","41","48","9242","2828","1771","430","371","198","167","79","179","88","0","13","0","13","0","13","0","13","127","83","66","53","61","61","52","52","52","52","42","45","137","73","162","81","0","13","0","13","0","13","0","13","0","13","17","27","1","6","161","80","161","84","1","6","24","39","39","41","97","77","34","39","34","39","0","13","34","39","0","13","0","13","0","13","179","88","0","13","34","39","145","78","(X)","(X)","(X)","(X)","(X)","(X)","(X)","(X)","(X)","(X)","(X)","(X)","(X)","(X)","(X)","(X)","179","88","42","45","137","73","0","13","0","13","18","27","48","45","2","4","13","21","46","57","11","19","41","48","(X)","(X)","0","13","34","39","145","78","4.4","2.3","0.0","20.6","0.0","47.0","0.0","27.2","0.0","20.6","3.5","2.3","3.3","2.6","3.7","3.9","15.7","15.1","22.1","21.5","2.4","2.5","6.1","3.3","4.9","2.5","0.0","100.0","-","**","0.0","7.6","-","**","0.0","38.2","9.7","20.9","0.5","3.6","5.1","2.5","4.4","2.4","0.8","5.1","7.7","15.4","13.5","14.5","3.3","2.6","1.0","1.1","1.0","1.1","0.0","2.9","1.7","1.9","0.0","19.7","0.0","30.4","0.0","38.0","4.6","2.4","0.0","1.4","5.5","6.8","41.7","21.7","(X)","(X)","(X)","(X)","(X)","(X)","(X)","(X)","(X)","(X)","(X)","(X)","(X)","(X)","(X)","(X)","7.8","4.0","4.8","5.2","9.5","5.3","-","**","-","**","7.4","12.9","3.5","3.3","0.4","1.0","25.0","37.1","49.5","39.7","22.9","42.1","100.0","51.4","(X)","(X)","0.0","2.2","9.2","11.7","86.8","15.8",
"1400000US25025061000","Census Tract 610, Suffolk County, Massachusetts","3224","536","773","218","287","189","486","106","773","218","2248","370","1103","179","1145","332","304","127","203","93","1779","410","1445","217","2093","533","717","282","0","13","185","129","5","9","198","159","26","30","878","207","1756","522","2204","370","307","131","574","139","310","142","1013","318","1903","367","1796","371","904","248","892","186","107","84","107","84","0","13","2501","375","1288","344","593","171","620","167","305","279","996","380","1208","405","1324","393","1583","360","1745","346","1904","339","2051","345","1027","218","600","163","427","132","0","13","0","13","102","111","443","150","114","81","94","50","175","102","73","71","26","19","6016","2446","603","180","169","105","255","112","731","363","271","194","92","102","179","114","271","194","399","230","156","133","243","134","68","66","61","63","366","234","365","200","355","229","307","242","0","13","16","25","5","9","40","48","8","13","163","206","245","169","408","179","135","71","154","108","96","89","23","36","194","147","136","122","39","59","97","80","58","63","58","63","0","13","460","234","11","18","155","140","294","147","(X)","(X)","(X)","(X)","(X)","(X)","(X)","(X)","(X)","(X)","(X)","(X)","(X)","(X)","(X)","(X)","185","96","125","89","60","48","0","13","0","13","0","13","5","9","70","64","42","35","7","13","54","63","7","11","(X)","(X)","0","13","16","25","169","96","22.7","11.1","35.1","21.5","32.1","33.2","36.8","21.0","35.1","21.5","17.7","10.2","14.1","11.9","21.2","12.3","22.4","21.3","30.0","29.6","20.6","13.2","25.3","12.5","17.0","10.4","42.8","26.8","-","**","8.6","14.3","100.0","100.0","20.2","22.3","30.8","52.6","18.6","24.0","14.0","9.2","18.5","8.5","44.0","17.6","26.8","18.6","31.0","25.7","2.3","3.7","10.2","8.2","7.6","6.9","4.3","6.7","10.9","8.9","54.2","37.3","54.2","37.3","-","**","18.4","9.7","0.9","1.5","26.1","21.5","47.4","18.2","(X)","(X)","(X)","(X)","(X)","(X)","(X)","(X)","(X)","(X)","(X)","(X)","(X)","(X)","(X)","(X)","18.0","9.0","20.8","14.2","14.1","11.4","-","**","-","**","0.0","31.3","1.1","2.0","61.4","38.4","44.7","37.1","4.0","7.8","74.0","36.9","26.9","36.2","(X)","(X)","0.0","6.4","9.5","15.3","66.3","17.7",
"1400000US25025061101","Census Tract 611.01, Suffolk County, Massachusetts","2299","296","587","167","229","104","358","128","587","167","1578","229","693","149","885","171","342","106","134","45","1079","258","1220","196","1045","295","439","175","0","13","267","111","0","13","175","100","373","211","758","180","684","229","1559","197","336","89","598","199","242","90","383","135","1093","207","932","192","449","171","483","122","161","60","90","55","71","43","1725","212","498","127","546","141","681","134","585","233","1259","294","1359","292","1613","321","1628","323","1958","290","2086","292","2137","295","782","196","471","169","311","78","0","13","0","13","4","6","276","127","14","15","206","99","160","62","79","40","43","29","5979","1250","321","124","199","104","262","77","1065","267","351","139","155","76","196","96","351","139","646","168","206","73","440","147","171","89","68","39","452","225","613","131","368","186","124","79","0","13","117","73","0","13","129","97","327","196","363","137","233","150","653","157","195","79","316","132","121","71","21","23","294","93","210","76","81","52","129","60","84","45","45","35","39","31","717","161","20","20","246","85","451","128","(X)","(X)","(X)","(X)","(X)","(X)","(X)","(X)","(X)","(X)","(X)","(X)","(X)","(X)","(X)","(X)","313","95","137","76","176","65","0","13","0","13","0","13","36","37","0","13","123","69","90","47","41","30","23","20","(X)","(X)","8","12","120","65","185","73","46.3","9.7","59.8","18.3","67.7","28.2","54.7","20.1","59.8","18.3","40.9","9.0","29.7","10.3","49.7","11.1","50.0","18.1","50.7","19.9","41.9","15.1","50.2","10.9","35.2","14.1","28.2","17.3","-","**","43.8","28.3","-","**","73.7","21.9","87.7","18.2","47.9","18.0","34.1","17.7","41.9","8.8","58.0","15.1","52.8","17.5","50.0","21.7","5.5","5.4","26.9","8.2","22.5","7.8","18.0","11.3","26.7","12.0","52.2","23.6","50.0","34.8","54.9","34.5","41.6","8.2","4.0","4.2","45.1","12.7","66.2","10.8","(X)","(X)","(X)","(X)","(X)","(X)","(X)","(X)","(X)","(X)","(X)","(X)","(X)","(X)","(X)","(X)","40.0","11.0","29.1","15.0","56.6","17.3","-","**","-","**","0.0","100.0","13.0","12.1","0.0","87.9","59.7","26.3","56.3","19.2","51.9","27.4","53.5","31.8","(X)","(X)","2.5","3.9","60.3","27.5","70.6","14.5",
"1400000US25025061201","Census Tract 612.01, Suffolk County, Massachusetts","1712","436","48","33","35","22","13","22","48","33","1643","435","1108","254","535","368","177","175","21","24","1079","297","633","222","1562","442","28","43","31","49","36","42","0","13","0","13","55","64","227","192","1393","402","1374","455","50","64","234","184","54","50","1036","349","1359","256","1258","264","856","257","402","85","101","72","49","48","52","53","1664","436","1094","288","209","96","361","376","66","61","464","385","482","385","535","395","585","398","655","395","947","453","1049","434","1136","252","815","234","321","119","0","13","0","13","268","100","661","265","102","82","50","64","34","44","10","16","11","17","7133","2997","904","266","164","82","68","77","428","378","0","13","0","13","0","13","0","13","428","378","166","91","262","362","105","168","0","13","176","177","252","213","391","373","0","13","31","49","0","13","0","13","0","13","6","9","30","49","391","373","344","373","38","55","143","170","1","3","162","201","149","99","92","63","12","20","80","61","57","52","35","45","22","21","428","378","17","20","97","57","314","369","(X)","(X)","(X)","(X)","(X)","(X)","(X)","(X)","(X)","(X)","(X)","(X)","(X)","(X)","(X)","(X)","90","54","37","38","53","44","0","13","0","13","62","48","26","28","1","3","1","2","0","13","0","13","0","13","(X)","(X)","17","20","52","41","21","28","25.0","18.0","0.0","47.5","0.0","55.6","0.0","91.2","0.0","47.5","26.0","18.5","15.0","8.8","49.0","41.8","59.3","52.1","0.0","71.8","16.3","14.8","39.8","23.1","25.0","19.4","0.0","62.2","100.0","59.1","0.0","54.8","-","**","-","**","10.9","22.5","13.2","24.9","28.1","20.7","25.0","22.0","76.0","44.8","61.1","40.1","1.9","5.3","15.6","17.5","11.0","7.6","7.3","5.4","1.4","2.3","19.9","15.3","56.4","39.5","71.4","55.3","42.3","49.9","25.7","18.3","1.6","1.9","46.4","22.1","87.0","20.9","(X)","(X)","(X)","(X)","(X)","(X)","(X)","(X)","(X)","(X)","(X)","(X)","(X)","(X)","(X)","(X)","7.9","5.1","4.5","4.9","16.5","12.3","-","**","-","**","23.1","16.8","3.9","4.6","1.0","2.8","2.0","5.5","0.0","56.4","0.0","100.0","0.0","99.2","(X)","(X)","1.9","2.3","31.7","24.4","30.9","19.8",
"1400000US25025061202","Census Tract 612.02, Suffolk County, Massachusetts","0","13","0","13","0","13","0","13","0","13","0","13","0","13","0","13","0","13","0","13","0","13","0","13","0","13","0","13","0","13","0","13","0","13","0","13","0","13","0","13","0","13","0","13","0","13","0","13","0","13","0","13","0","13","0","13","0","13","0","13","0","13","0","13","0","13","0","13","0","13","0","13","0","13","0","13","0","13","0","13","0","13","0","13","0","13","0","13","0","13","0","13","0","13","0","13","0","13","0","13","0","13","0","13","0","13","0","13","0","13","0","13","0","13","-","**","0","13","0","13","0","13","0","13","0","13","0","13","0","13","0","13","0","13","0","13","0","13","0","13","0","13","0","13","0","13","0","13","0","13","0","13","0","13","0","13","0","13","0","13","0","13","0","13","0","13","0","13","0","13","0","13","0","13","0","13","0","13","0","13","0","13","0","13","0","13","0","13","0","13","0","13","0","13","0","13","(X)","(X)","(X)","(X)","(X)","(X)","(X)","(X)","(X)","(X)","(X)","(X)","(X)","(X)","(X)","(X)","0","13","0","13","0","13","0","13","0","13","0","13","0","13","0","13","0","13","0","13","0","13","0","13","(X)","(X)","0","13","0","13","0","13","-","**","-","**","-","**","-","**","-","**","-","**","-","**","-","**","-","**","-","**","-","**","-","**","-","**","-","**","-","**","-","**","-","**","-","**","-","**","-","**","-","**","-","**","-","**","-","**","-","**","-","**","-","**","-","**","-","**","-","**","-","**","-","**","-","**","-","**","-","**","-","**","-","**","(X)","(X)","(X)","(X)","(X)","(X)","(X)","(X)","(X)","(X)","(X)","(X)","(X)","(X)","(X)","(X)","-","**","-","**","-","**","-","**","-","**","-","**","-","**","-","**","-","**","-","**","-","**","-","**","(X)","(X)","-","**","-","**","-","**",
"1400000US25025061203","Census Tract 612.03, Suffolk County, Massachusetts","1905","419","143","98","58","68","85","83","143","98","1560","303","779","215","781","270","257","191","202","182","941","238","964","291","1693","397","8","18","0","13","131","127","0","13","16","18","57","65","129","102","1580","399","1724","385","37","74","103","104","99","55","1485","311","1474","317","1458","316","714","187","744","240","16","26","0","13","16","26","1762","378","1324","314","218","94","220","169","72","80","144","125","160","141","176","143","176","143","279","190","303","195","319","196","1186","351","515","200","671","252","0","13","0","13","28","45","525","192","205","227","181","120","45","49","54","55","148","171","7119","2498","926","325","56","54","204","169","128","110","0","13","0","13","0","13","0","13","31","36","20","27","11","25","97","116","97","116","48","41","80","75","104","83","8","18","0","13","0","13","0","13","16","18","0","13","16","18","104","83","128","110","21","39","54","77","18","22","35","45","0","13","0","13","0","13","0","13","0","13","0","13","0","13","128","110","0","13","0","13","128","110","(X)","(X)","(X)","(X)","(X)","(X)","(X)","(X)","(X)","(X)","(X)","(X)","(X)","(X)","(X)","(X)","128","110","48","41","80","75","0","13","0","13","0","13","20","27","0","13","5","12","6","13","13","22","84","123","(X)","(X)","0","13","0","13","128","110","6.7","5.3","0.0","24.1","0.0","43.2","0.0","35.4","0.0","24.1","2.0","2.4","2.6","3.3","1.4","3.3","37.7","29.6","48.0","34.2","5.1","4.5","8.3","7.0","6.1","4.6","100.0","100.0","-","**","0.0","25.8","-","**","100.0","82.2","0.0","43.6","12.4","17.4","6.6","4.9","7.4","6.0","56.8","56.8","52.4","46.7","18.2","23.0","2.4","3.1","0.0","2.7","0.0","2.7","0.0","5.4","0.0","5.2","0.0","82.3","-","**","0.0","82.3","7.3","5.9","0.0","3.0","0.0","16.7","58.2","31.5","(X)","(X)","(X)","(X)","(X)","(X)","(X)","(X)","(X)","(X)","(X)","(X)","(X)","(X)","(X)","(X)","10.8","9.2","9.3","9.4","11.9","10.8","-","**","-","**","0.0","62.2","3.8","5.1","0.0","17.6","2.8","7.6","13.3","33.2","24.1","43.7","56.8","54.9","(X)","(X)","0.0","4.2","0.0","44.0","62.7","34.0",
"1400000US25025061204","Census Tract 612.04, Suffolk County, Massachusetts","1123","256","184","68","174","64","10","16","184","68","789","229","208","107","581","222","166","49","150","43","590","236","533","92","1017","244","34","53","0","13","72","62","0","13","0","13","0","13","11","17","1006","245","936","233","0","13","0","13","122","65","814","250","874","227","864","227","484","226","380","104","10","15","10","15","0","13","939","233","738","235","154","54","47","52","0","13","0","13","0","13","7","12","7","12","66","90","114","109","161","104","518","236","308","222","210","97","0","13","0","13","3","5","187","103","80","74","169","210","48","55","31","44","0","13","-","**","435","236","83","69","0","13","0","13","0","13","0","13","0","13","0","13","0","13","0","13","0","13","0","13","0","13","0","13","0","13","0","13","0","13","0","13","0","13","0","13","0","13","0","13","0","13","0","13","0","13","0","13","0","13","0","13","0","13","0","13","0","13","0","13","0","13","0","13","0","13","0","13","0","13","0","13","0","13","0","13","(X)","(X)","(X)","(X)","(X)","(X)","(X)","(X)","(X)","(X)","(X)","(X)","(X)","(X)","(X)","(X)","0","13","0","13","0","13","0","13","0","13","0","13","0","13","0","13","0","13","0","13","0","13","0","13","(X)","(X)","0","13","0","13","0","13","0.0","3.5","0.0","19.4","0.0","20.4","0.0","100.0","0.0","19.4","0.0","4.9","0.0","17.4","0.0","6.6","0.0","21.2","0.0","23.1","0.0","6.6","0.0","7.2","0.0","3.9","0.0","56.4","-","**","0.0","38.8","-","**","-","**","-","**","0.0","99.2","0.0","3.9","0.0","4.2","-","**","-","**","0.0","27.3","0.0","4.8","0.0","4.5","0.0","4.5","0.0","7.9","0.0","10.0","0.0","100.0","0.0","100.0","-","**","0.0","4.2","0.0","5.3","0.0","22.6","0.0","48.0","(X)","(X)","(X)","(X)","(X)","(X)","(X)","(X)","(X)","(X)","(X)","(X)","(X)","(X)","(X)","(X)","0.0","7.4","0.0","12.2","0.0","17.3","-","**","-","**","0.0","100.0","0.0","19.1","0.0","36.7","0.0","20.9","0.0","47.5","0.0","59.1","-","**","(X)","(X)","0.0","8.8","0.0","35.9","-","**",
"1400000US25025070102","Census Tract 701.02, Suffolk County, Massachusetts","1974","335","97","42","41","40","56","45","97","42","1177","289","633","235","544","186","795","245","700","245","1099","227","875","201","988","257","35","50","0","13","836","239","0","13","16","38","99","69","125","99","923","245","1679","314","302","155","221","117","118","83","1038","252","967","240","907","240","434","144","473","156","60","70","60","70","0","13","1885","339","703","209","304","177","878","232","411","217","697","244","707","243","750","242","750","242","905","290","1070","292","1143","296","903","236","544","196","359","146","0","13","0","13","191","140","206","113","91","81","46","51","109","94","133","117","127","93","8966","2302","321","138","207","161","375","163","624","244","0","13","0","13","0","13","0","13","308","157","209","144","99","70","373","224","316","210","402","169","222","129","149","135","18","40","0","13","427","215","0","13","16","38","14","23","33","55","132","121","468","215","187","151","203","116","18","40","60","57","95","69","53","56","42","43","11","20","42","56","42","56","0","13","624","244","11","20","119","124","494","200","(X)","(X)","(X)","(X)","(X)","(X)","(X)","(X)","(X)","(X)","(X)","(X)","(X)","(X)","(X)","(X)","362","184","264","157","98","81","0","13","0","13","156","133","53","51","0","13","16","38","46","73","16","25","75","92","(X)","(X)","0","13","105","123","257","141","31.6","9.8","0.0","32.4","0.0","51.4","0.0","44.0","0.0","32.4","26.2","10.9","33.0","17.1","18.2","12.4","46.9","19.8","45.1","21.1","36.6","11.5","25.4","11.9","15.1","12.3","51.4","51.4","-","**","51.1","16.3","-","**","100.0","82.2","14.1","21.7","26.4","37.2","14.3","12.0","27.9","10.9","61.9","28.2","91.9","19.2","15.3","32.8","5.8","5.2","9.8","6.8","5.8","5.7","9.7","9.2","2.3","4.0","70.0","68.4","70.0","68.4","-","**","33.1","10.2","1.6","2.7","39.1","28.0","56.3","15.2","(X)","(X)","(X)","(X)","(X)","(X)","(X)","(X)","(X)","(X)","(X)","(X)","(X)","(X)","(X)","(X)","40.1","14.7","48.5","18.9","27.3","19.2","-","**","-","**","81.7","20.0","25.7","22.1","0.0","33.9","34.8","65.2","42.2","51.0","12.0","16.9","59.1","43.8","(X)","(X)","0.0","11.7","50.7","36.3","68.5","22.0",
"1400000US25025070103","Census Tract 701.03, Suffolk County, Massachusetts","559","270","199","182","77","67","122","156","199","182","360","116","270","101","90","82","0","13","0","13","195","92","364","218","228","109","24","30","0","13","170","144","0","13","0","13","137","187","137","187","228","109","323","115","0","13","19","31","0","13","304","100","292","102","284","104","122","82","162","77","8","15","0","13","8","15","387","141","215","85","69","43","103","61","0","13","186","138","186","138","186","138","186","138","325","250","395","263","446","264","208","91","88","75","120","58","0","13","0","13","24","28","150","82","18","28","16","25","0","13","0","13","0","13","N","N","168","82","16","24","24","30","32","36","0","13","0","13","0","13","0","13","32","36","16","24","16","25","0","13","0","13","16","24","16","25","0","13","16","24","0","13","16","25","0","13","0","13","0","13","0","13","0","13","16","25","0","13","0","13","0","13","16","25","16","24","16","24","16","24","0","13","0","13","0","13","0","13","32","36","0","13","16","24","16","25","(X)","(X)","(X)","(X)","(X)","(X)","(X)","(X)","(X)","(X)","(X)","(X)","(X)","(X)","(X)","(X)","32","36","16","24","16","25","0","13","0","13","16","24","0","13","0","13","16","25","0","13","0","13","0","13","(X)","(X)","0","13","16","24","16","25","5.7","8.2","0.0","18.1","0.0","37.5","0.0","27.3","0.0","18.1","8.9","10.4","5.9","9.5","17.8","29.8","-","**","-","**","8.2","14.1","4.4","7.9","0.0","16.0","66.7","60.3","-","**","9.4","21.2","-","**","-","**","0.0","24.9","0.0","24.9","0.0","16.0","5.0","7.9","-","**","0.0","75.5","-","**","5.3","8.3","5.5","8.9","5.6","9.2","13.1","20.7","0.0","21.7","0.0","100.0","-","**","0.0","100.0","8.3","10.2","0.0","16.9","23.2","40.5","15.5","24.5","(X)","(X)","(X)","(X)","(X)","(X)","(X)","(X)","(X)","(X)","(X)","(X)","(X)","(X)","(X)","(X)","15.4","15.6","18.2","27.3","13.3","19.6","-","**","-","**","66.7","60.4","0.0","23.1","0.0","77.5","100.0","82.2","-","**","-","**","-","**","(X)","(X)","0.0","21.0","100.0","82.2","66.7","60.3",
"1400000US25025070104","Census Tract 701.04, Suffolk County, Massachusetts","2204","381","194","104","97","66","97","74","194","104","1745","315","693","230","1052","240","476","220","265","134","1108","245","1096","217","1507","324","21","28","0","13","592","230","0","13","31","35","53","44","139","127","1386","310","1716","284","121","93","92","85","131","94","1372","290","1398","287","1323","248","615","177","708","171","75","86","75","86","0","13","2010","334","1074","220","391","183","545","222","339","210","392","219","410","226","493","242","493","242","535","245","667","280","729","288","822","226","410","162","412","168","0","13","0","13","166","129","165","92","135","89","196","135","72","51","63","48","25","43","9921","1425","396","159","179","142","247","110","385","219","0","13","0","13","0","13","0","13","316","210","291","202","25","32","69","66","69","66","246","146","139","116","198","129","14","23","0","13","173","182","0","13","0","13","0","13","54","75","144","80","118","81","52","54","31","35","8","17","27","31","93","112","85","110","85","110","0","13","8","17","8","17","0","13","385","219","0","13","91","112","294","191","(X)","(X)","(X)","(X)","(X)","(X)","(X)","(X)","(X)","(X)","(X)","(X)","(X)","(X)","(X)","(X)","257","149","169","122","88","78","0","13","0","13","139","124","24","28","0","13","17","27","8","17","44","38","25","43","(X)","(X)","0","13","91","112","166","94","17.5","9.0","0.0","18.5","0.0","32.4","0.0","32.4","0.0","18.5","18.1","10.5","42.0","20.0","2.4","3.1","14.5","15.6","26.0","25.4","22.2","11.0","12.7","10.0","13.1","8.1","66.7","66.7","-","**","29.2","24.9","-","**","0.0","59.1","0.0","45.2","38.8","50.1","10.4","5.7","6.9","4.6","43.0","43.0","33.7","29.0","6.1","13.9","2.0","2.3","6.7","7.6","6.4","7.9","13.8","15.8","0.0","5.5","10.7","31.7","10.7","31.7","-","**","19.2","9.5","0.0","3.7","23.3","23.6","53.9","21.3","(X)","(X)","(X)","(X)","(X)","(X)","(X)","(X)","(X)","(X)","(X)","(X)","(X)","(X)","(X)","(X)","31.3","14.2","41.2","20.3","21.4","16.8","-","**","-","**","83.7","21.5","14.5","14.6","0.0","25.2","8.7","14.5","11.1","24.1","69.8","39.8","100.0","65.8","(X)","(X)","0.0","9.6","50.8","39.7","67.2","21.5",
"1400000US25025070201","Census Tract 702.01, Suffolk County, Massachusetts","1617","237","81","45","57","45","24","24","81","45","1061","187","489","98","572","169","609","175","475","132","702","123","915","199","586","136","10","20","0","13","966","210","0","13","0","13","55","32","12","16","574","135","1462","226","505","129","197","130","48","41","712","151","817","148","817","148","452","106","365","128","0","13","0","13","0","13","1536","226","610","125","241","101","685","170","159","95","563","175","580","179","642","187","788","198","884","205","919","203","951","207","560","166","177","71","383","150","0","13","0","13","53","31","229","92","16","18","30","46","100","99","43","44","89","65","5279","1763","257","112","68","34","235","133","431","178","0","13","0","13","0","13","0","13","163","107","73","36","90","99","349","176","268","145","111","52","320","164","64","45","0","13","0","13","357","181","0","13","0","13","10","16","12","16","52","43","385","175","228","103","121","117","8","14","28","21","43","34","43","34","8","14","35","32","0","13","0","13","0","13","431","178","0","13","60","41","371","176","(X)","(X)","(X)","(X)","(X)","(X)","(X)","(X)","(X)","(X)","(X)","(X)","(X)","(X)","(X)","(X)","231","129","48","40","183","125","0","13","0","13","43","30","27","21","0","13","0","13","76","97","42","43","43","54","(X)","(X)","0","13","43","30","188","128","26.7","8.9","0.0","36.4","0.0","43.6","0.0","67.2","0.0","36.4","15.4","8.9","14.9","7.5","15.7","14.9","57.3","16.1","56.4","18.7","15.8","8.0","35.0","12.7","10.9","7.7","0.0","100.0","-","**","37.0","14.3","-","**","-","**","18.2","27.0","100.0","95.0","9.1","7.5","26.3","9.6","45.1","15.5","61.4","29.5","16.7","25.9","3.9","3.1","5.3","4.0","5.3","4.0","1.8","3.2","9.6","8.6","-","**","-","**","-","**","28.1","9.2","0.0","6.3","24.9","16.8","54.2","14.9","(X)","(X)","(X)","(X)","(X)","(X)","(X)","(X)","(X)","(X)","(X)","(X)","(X)","(X)","(X)","(X)","41.3","16.8","27.1","20.3","47.8","20.3","-","**","-","**","81.1","21.1","11.8","8.5","0.0","82.3","0.0","60.1","76.0","36.2","97.7","7.3","48.3","42.6","(X)","(X)","0.0","14.4","63.2","26.7","80.0","19.2",
"1400000US25025070202","Census Tract 702.02, Suffolk County, Massachusetts","3615","666","635","286","284","191","351","169","635","286","2387","422","1124","345","1263","321","716","171","593","156","1405","299","2210","462","825","206","131","132","36","56","2584","613","0","13","0","13","39","42","126","108","725","206","2703","460","725","252","441","152","214","126","1323","389","1663","355","1574","342","755","203","819","209","89","83","53","56","36","44","2996","470","1072","244","609","211","1315","288","658","235","1446","439","1636","475","1892","495","1974","506","2192","492","2345","472","2517","475","1315","281","497","146","818","245","0","13","0","13","237","93","594","199","98","66","84","39","89","78","45","37","168","98","9797","1467","495","159","138","66","682","238","1196","356","219","137","24","38","195","126","219","137","760","265","549","213","211","158","240","110","217","103","382","160","814","252","243","121","121","128","36","56","778","347","0","13","0","13","18","24","49","69","195","113","726","260","349","184","46","48","52","33","279","166","211","163","177","140","71","69","106","78","34","44","34","44","0","13","985","298","18","24","188","143","779","259","(X)","(X)","(X)","(X)","(X)","(X)","(X)","(X)","(X)","(X)","(X)","(X)","(X)","(X)","(X)","(X)","636","230","180","95","456","195","0","13","0","13","215","94","277","163","13","21","1","2","0","13","18","25","112","80","(X)","(X)","13","21","62","40","561","226","33.1","9.2","34.5","21.2","8.5","16.5","55.6","28.1","34.5","21.2","31.8","9.7","48.8","16.6","16.7","11.2","33.5","14.0","36.6","16.1","27.2","10.6","36.8","10.6","29.5","13.4","92.4","15.0","100.0","54.8","30.1","12.6","-","**","-","**","46.2","53.8","38.9","44.5","26.9","13.9","26.9","8.8","48.1","17.6","10.4","10.1","24.3","20.8","21.1","12.1","12.7","9.2","11.2","8.5","9.4","8.9","12.9","9.2","38.2","34.8","64.2","42.3","0.0","54.8","32.9","8.9","1.7","2.4","30.9","19.4","59.2","12.2","(X)","(X)","(X)","(X)","(X)","(X)","(X)","(X)","(X)","(X)","(X)","(X)","(X)","(X)","(X)","(X)","48.4","11.5","36.2","15.3","55.7","13.9","-","**","-","**","90.7","10.5","46.6","18.0","13.3","21.0","1.2","2.8","0.0","34.3","40.0","44.0","66.7","25.4","(X)","(X)","2.6","4.2","44.9","27.1","82.3","10.2",
"1400000US25025070301","Census Tract 703.01, Suffolk County, Massachusetts","2765","609","389","262","312","263","77","21","389","262","2102","487","943","423","1159","269","472","229","274","130","1427","307","1338","450","2153","512","22","36","0","13","174","98","0","13","153","126","263","239","361","245","2074","516","2090","319","101","109","66","72","125","98","1798","338","1818","312","1782","314","1118","264","664","148","36","40","36","40","0","13","2376","482","1561","334","442","254","373","196","229","353","325","372","342","375","342","375","342","375","594","411","630","413","787","433","1370","452","749","237","621","364","0","13","0","13","257","354","314","160","269","161","218","128","235","176","46","35","31","37","N","N","851","246","347","243","172","160","316","372","0","13","0","13","0","13","0","13","256","355","229","353","27","43","60","90","60","90","63","72","253","358","95","151","0","13","0","13","0","13","0","13","87","104","134","204","221","234","95","151","87","104","60","90","0","13","27","43","0","13","27","43","27","43","27","43","0","13","0","13","0","13","0","13","316","372","0","13","161","209","155","178","(X)","(X)","(X)","(X)","(X)","(X)","(X)","(X)","(X)","(X)","(X)","(X)","(X)","(X)","(X)","(X)","256","355","27","43","229","353","0","13","0","13","229","353","0","13","27","43","0","13","0","13","0","13","0","13","(X)","(X)","0","13","161","209","95","151","11.4","12.2","0.0","9.8","0.0","12.0","0.0","37.5","0.0","9.8","12.2","15.1","24.3","30.3","2.3","3.7","12.7","18.6","21.9","28.8","4.4","5.0","18.9","22.7","4.4","6.8","0.0","70.1","-","**","0.0","20.4","-","**","56.9","36.6","51.0","51.0","61.2","33.9","4.6","7.1","4.2","4.9","59.4","55.0","0.0","40.5","21.6","37.6","0.0","2.2","1.5","2.3","1.5","2.4","2.4","3.8","0.0","5.8","0.0","54.8","0.0","54.8","-","**","13.3","13.9","0.0","2.5","36.4","33.6","41.6","31.7","(X)","(X)","(X)","(X)","(X)","(X)","(X)","(X)","(X)","(X)","(X)","(X)","(X)","(X)","(X)","(X)","18.7","21.9","3.6","5.6","36.9","40.9","-","**","-","**","89.1","34.0","0.0","11.9","10.0","16.5","0.0","16.7","0.0","15.6","0.0","48.5","0.0","59.1","(X)","(X)","0.0","4.6","46.4","38.3","55.2","51.8",
"1400000US25025070302","Census Tract 703.02, Suffolk County, Massachusetts","2051","243","213","81","129","91","84","50","213","81","1586","247","636","168","950","225","451","147","252","114","992","245","1059","196","1654","279","0","13","0","13","233","139","0","13","0","13","164","150","66","63","1615","277","1676","254","22","35","233","155","101","75","1320","255","1187","233","1166","225","663","174","503","177","21","36","21","36","0","13","1860","216","905","182","324","134","631","187","129","114","374","193","374","193","374","193","374","193","394","196","415","197","518","208","781","205","395","151","386","196","0","13","0","13","80","64","231","186","42","48","182","141","113","66","36","41","97","77","5352","2810","405","180","144","95","232","134","374","193","22","36","0","13","22","36","22","36","286","175","150","117","136","140","92","75","66","62","146","124","228","152","143","118","0","13","0","13","156","120","0","13","0","13","75","114","39","45","104","112","202","147","22","35","180","147","0","13","0","13","39","45","39","45","39","45","0","13","0","13","0","13","0","13","374","193","0","13","39","45","335","191","(X)","(X)","(X)","(X)","(X)","(X)","(X)","(X)","(X)","(X)","(X)","(X)","(X)","(X)","(X)","(X)","230","137","121","120","109","84","0","13","0","13","80","64","0","13","0","13","75","114","26","45","0","13","49","54","(X)","(X)","0","13","39","45","191","133","18.2","9.8","10.3","17.7","0.0","26.2","26.2","44.1","10.3","17.7","18.0","10.9","23.6","16.2","14.3","14.6","20.4","15.1","26.2","21.5","14.7","11.7","21.5","13.4","8.6","7.4","-","**","-","**","67.0","26.2","-","**","-","**","45.7","49.0","59.1","49.1","6.4","7.2","12.1","8.6","100.0","70.1","77.3","24.2","0.0","31.5","0.0","3.0","3.3","3.7","3.3","3.8","5.9","6.6","0.0","7.6","0.0","71.8","0.0","71.8","-","**","20.1","10.4","0.0","4.3","12.0","13.3","53.1","21.2","(X)","(X)","(X)","(X)","(X)","(X)","(X)","(X)","(X)","(X)","(X)","(X)","(X)","(X)","(X)","(X)","29.4","16.0","30.6","24.4","28.2","23.0","-","**","-","**","100.0","36.7","0.0","15.8","0.0","50.8","41.2","46.6","23.0","33.3","0.0","54.8","50.5","45.2","(X)","(X)","0.0","9.4","27.1","31.8","82.3","19.8",
"1400000US25025070402","Census Tract 704.02, Suffolk County, Massachusetts","2706","272","173","83","15","12","158","82","154","81","2091","241","1219","190","872","160","612","111","442","70","1251","176","1455","164","1150","183","310","146","26","41","1036","142","0","13","34","39","150","116","228","118","1044","182","2281","207","498","126","338","102","242","80","1203","183","1606","229","1544","221","728","126","816","148","62","34","24","16","38","29","2592","253","1112","201","585","122","895","159","339","128","936","223","1091","215","1201","219","1228","219","1432","246","1579","247","1810","249","1416","214","722","142","694","139","0","13","19","29","169","119","713","157","164","123","61","36","120","61","64","31","106","58","7377","1309","760","197","296","97","360","105","824","218","89","79","0","13","89","79","70","69","510","164","243","104","267","94","306","101","225","75","401","140","423","107","143","69","177","149","26","41","444","112","0","13","34","39","0","13","96","68","85","42","626","147","304","109","131","76","101","65","90","52","180","80","144","66","89","53","55","36","36","25","10","12","26","23","778","190","39","35","155","77","584","153","(X)","(X)","(X)","(X)","(X)","(X)","(X)","(X)","(X)","(X)","(X)","(X)","(X)","(X)","(X)","(X)","391","113","214","90","177","69","0","13","19","29","75","56","89","52","5","8","14","14","52","48","44","26","93","56","(X)","(X)","0","13","83","51","308","103","30.5","6.9","51.4","31.0","0.0","84.9","56.3","32.9","45.5","31.4","24.4","7.0","19.9","8.1","30.6","10.1","50.0","11.4","50.9","13.5","32.1","8.8","29.1","6.9","12.4","5.9","57.1","28.2","100.0","64.5","42.9","9.1","-","**","100.0","56.4","0.0","23.1","42.1","31.4","8.1","3.9","27.4","5.8","61.0","12.0","38.8","17.0","41.7","20.2","7.5","4.1","11.2","4.9","9.3","4.4","12.2","7.1","6.7","4.5","58.1","23.7","41.7","34.4","68.4","26.6","30.0","6.4","3.5","3.2","26.5","11.3","65.3","8.8","(X)","(X)","(X)","(X)","(X)","(X)","(X)","(X)","(X)","(X)","(X)","(X)","(X)","(X)","(X)","(X)","27.6","7.4","29.6","10.4","25.5","9.5","-","**","100.0","75.5","44.4","36.0","12.5","6.8","3.0","6.1","23.0","23.4","43.3","28.2","68.8","21.4","87.7","14.2","(X)","(X)","0.0","5.1","28.0","14.1","85.6","9.8",
"1400000US25025070501","Census Tract 705.01, Suffolk County, Massachusetts","1785","337","162","115","74","50","88","115","162","115","1467","274","814","203","653","194","189","82","156","69","980","197","805","200","1463","337","21","33","0","13","129","87","0","13","149","128","23","33","353","161","1259","306","1519","264","52","48","96","83","117","73","1254","269","1390","247","1334","235","784","172","550","115","56","42","41","37","15","24","1623","290","1086","232","354","146","183","112","131","100","166","108","245","122","308","135","398","169","437","176","452","175","548","171","799","214","445","144","354","134","0","13","0","13","65","51","381","159","136","122","86","54","31","36","85","50","15","24","11069","1891","450","196","211","119","138","88","149","104","0","13","0","13","0","13","0","13","138","102","131","100","7","12","11","25","11","25","47","50","102","102","138","102","0","13","0","13","11","25","0","13","0","13","0","13","29","35","109","93","108","104","11","25","13","25","0","13","84","98","39","35","28","22","8","13","20","24","11","27","11","27","0","13","149","104","0","13","57","51","92","75","(X)","(X)","(X)","(X)","(X)","(X)","(X)","(X)","(X)","(X)","(X)","(X)","(X)","(X)","(X)","(X)","149","104","47","50","102","102","0","13","0","13","41","42","90","99","7","12","0","13","0","13","11","25","0","13","(X)","(X)","0","13","57","51","92","75","8.3","5.4","0.0","21.7","0.0","38.2","0.0","34.6","0.0","21.7","9.4","6.5","16.1","11.3","1.1","1.9","5.8","13.5","7.1","17.1","4.8","5.1","12.7","11.6","9.4","6.5","0.0","71.8","-","**","8.5","19.2","-","**","0.0","23.2","0.0","68.6","8.2","10.6","8.7","7.3","7.1","6.5","21.2","59.0","13.5","28.5","0.0","28.2","6.7","7.6","2.8","2.5","2.1","1.7","1.0","1.7","3.6","4.5","19.6","44.9","26.8","59.5","0.0","84.9","9.2","5.9","0.0","3.6","16.1","14.9","50.3","25.3","(X)","(X)","(X)","(X)","(X)","(X)","(X)","(X)","(X)","(X)","(X)","(X)","(X)","(X)","(X)","(X)","18.6","12.9","10.6","12.5","28.8","24.7","-","**","-","**","63.1","34.4","23.6","24.2","5.1","11.1","0.0","35.1","0.0","59.1","12.9","35.9","0.0","84.9","(X)","(X)","0.0","8.5","27.0","27.6","66.7","28.3",
"1400000US25025070502","Census Tract 705.02, Suffolk County, Massachusetts","4299","1032","921","487","192","144","729","460","921","487","2893","699","737","303","2156","601","913","263","485","168","2092","676","2207","505","1352","407","323","196","0","13","1714","820","0","13","829","777","81","100","1097","623","1084","310","3198","650","957","392","408","286","493","189","1340","343","2191","695","1571","422","837","272","734","225","620","432","547","411","73","75","3587","808","1061","289","1138","497","1388","468","447","203","2292","975","2775","1015","2810","1017","2810","1017","2974","1004","3011","1003","3134","988","1138","438","679","390","459","187","0","13","0","13","19","31","195","153","198","143","396","364","156","124","145","108","29","39","3974","1276","430","197","410","358","298","144","2208","974","682","465","148","138","534","439","682","465","1323","636","211","177","1112","581","442","226","203","115","1114","647","1094","432","279","236","135","133","0","13","1101","744","0","13","693","759","0","13","919","591","53","50","1502","610","730","378","324","281","180","142","268","215","959","641","475","359","283","229","192","144","484","409","469","405","15","24","1694","746","201","163","628","443","865","424","(X)","(X)","(X)","(X)","(X)","(X)","(X)","(X)","(X)","(X)","(X)","(X)","(X)","(X)","(X)","(X)","503","381","367","358","136","93","0","13","0","13","0","13","40","40","16","15","270","345","44","46","128","105","5","9","(X)","(X)","36","41","288","349","179","111","51.4","13.1","74.0","20.3","77.1","32.1","73.3","23.3","74.0","20.3","45.7","13.9","28.6","20.1","51.6","15.5","48.4","17.7","41.9","19.7","53.3","17.8","49.6","11.9","20.6","14.9","41.8","35.3","-","**","64.2","22.1","-","**","83.6","27.8","0.0","36.4","83.8","16.5","4.9","5.0","47.0","12.2","76.3","15.3","79.4","21.9","36.5","23.6","20.0","14.1","43.8","18.8","30.2","17.9","33.8","21.7","26.2","16.2","78.1","23.8","85.7","17.6","20.5","34.8","47.2","12.9","18.9","13.8","55.2","22.7","62.3","15.8","(X)","(X)","(X)","(X)","(X)","(X)","(X)","(X)","(X)","(X)","(X)","(X)","(X)","(X)","(X)","(X)","44.2","22.1","54.1","29.8","29.6","20.0","-","**","-","**","0.0","75.5","20.5","22.9","8.1","10.2","68.2","41.9","28.2","35.7","88.3","21.4","17.2","45.7","(X)","(X)","8.4","9.5","70.2","40.1","60.1","28.5",
"1400000US25025070600","Census Tract 706, Suffolk County, Massachusetts","2520","377","504","226","161","74","343","229","504","226","1767","215","710","168","1057","180","372","98","249","44","1135","220","1385","210","1954","288","116","95","0","13","144","118","0","13","47","47","259","246","167","94","1841","274","1920","203","27","27","48","50","147","94","1698","190","1678","189","1646","195","837","130","809","148","32","34","14","14","18","30","2016","209","1322","181","381","103","313","87","55","40","147","94","170","100","215","135","215","135","261","141","303","153","597","250","822","209","395","125","427","146","0","13","0","13","52","37","311","148","168","82","92","54","123","55","69","37","7","12","9958","2519","604","192","159","67","59","35","120","89","0","13","0","13","0","13","0","13","113","88","34","25","79","85","26","31","7","11","61","51","59","49","71","45","1","7","0","13","48","77","0","13","0","13","0","13","0","13","71","45","97","87","10","17","2","9","55","79","30","33","59","51","58","51","58","51","0","13","1","7","1","7","0","13","120","89","26","31","55","44","39","45","(X)","(X)","(X)","(X)","(X)","(X)","(X)","(X)","(X)","(X)","(X)","(X)","(X)","(X)","(X)","(X)","72","45","38","35","34","29","0","13","0","13","23","22","11","14","10","17","1","6","20","29","7","11","0","13","(X)","(X)","26","31","32","25","14","20","4.8","3.3","0.0","7.6","0.0","21.8","0.0","11.0","0.0","7.6","6.4","4.8","4.8","3.7","7.5","7.4","7.0","8.2","2.8","4.5","5.4","4.3","4.3","3.4","3.6","2.3","0.9","6.9","-","**","33.3","45.7","-","**","0.0","48.0","0.0","14.3","0.0","21.1","3.9","2.5","5.1","4.3","37.0","49.7","4.2","25.2","37.4","39.2","1.8","1.9","3.5","3.0","3.5","3.1","6.9","6.0","0.0","4.8","3.1","25.2","7.1","49.7","0.0","77.5","6.0","4.2","2.0","2.3","14.4","10.7","12.5","12.5","(X)","(X)","(X)","(X)","(X)","(X)","(X)","(X)","(X)","(X)","(X)","(X)","(X)","(X)","(X)","(X)","8.8","5.5","9.6","8.9","8.0","7.3","-","**","-","**","44.2","26.2","3.5","4.6","6.0","9.0","1.1","6.1","16.3","21.5","10.1","16.2","0.0","100.0","(X)","(X)","4.3","5.1","20.1","13.4","23.7","29.8",
"1400000US25025070700","Census Tract 707, Suffolk County, Massachusetts","2609","394","260","79","113","71","147","76","260","79","1836","303","659","215","1177","242","658","166","513","153","1210","274","1399","196","1525","295","662","291","0","13","279","170","37","59","0","13","106","73","167","127","1381","284","2258","371","222","140","256","97","336","192","1444","254","1692","314","1604","304","895","242","709","164","88","51","48","39","40","35","2367","381","1163","233","555","190","649","171","101","85","382","181","471","196","589","201","589","201","899","334","1035","350","1194","356","1029","223","607","174","422","141","0","13","0","13","27","25","326","179","206","76","171","92","125","71","148","77","26","24","N","N","480","122","320","156","229","94","211","115","62","61","0","13","62","61","62","61","103","54","60","49","43","31","46","38","46","38","35","29","176","103","94","69","53","39","0","13","20","25","0","13","0","13","44","51","87","84","30","28","133","66","50","46","26","26","25","26","32","42","36","33","28","28","13","20","15","18","8","13","0","13","8","13","167","78","7","12","33","32","127","70","(X)","(X)","(X)","(X)","(X)","(X)","(X)","(X)","(X)","(X)","(X)","(X)","(X)","(X)","(X)","(X)","102","53","13","20","89","48","0","13","0","13","16","17","44","47","0","13","13","20","11","16","9","14","9","16","(X)","(X)","7","12","29","30","66","43","8.1","4.5","23.8","21.3","0.0","29.0","42.2","29.5","23.8","21.3","5.6","3.0","9.1","7.1","3.7","2.7","7.0","6.4","9.0","7.7","2.9","2.5","12.6","7.2","6.2","4.5","8.0","7.0","-","**","7.2","9.0","0.0","54.1","-","**","41.5","38.3","52.1","23.8","2.2","2.1","5.9","3.1","22.5","17.2","10.2","9.9","7.4","7.9","2.2","2.9","2.1","1.9","1.7","1.8","1.5","2.3","2.1","2.5","9.1","14.7","0.0","47.5","20.0","33.0","7.1","3.4","0.6","1.0","5.9","5.9","19.6","10.1","(X)","(X)","(X)","(X)","(X)","(X)","(X)","(X)","(X)","(X)","(X)","(X)","(X)","(X)","(X)","(X)","9.9","5.0","2.1","3.4","21.1","10.7","-","**","-","**","59.3","36.3","13.5","12.4","0.0","17.6","7.6","13.0","8.8","12.7","6.1","9.7","34.6","47.8","(X)","(X)","1.5","2.4","9.1","10.0","28.8","15.7",
"1400000US25025070801","Census Tract 708.01, Suffolk County, Massachusetts","1020","481","18","30","18","30","0","13","18","30","874","464","781","456","93","77","128","66","128","66","495","283","525","381","790","443","58","93","0","13","159","127","0","13","0","13","13","22","10","20","780","439","682","299","149","130","0","13","0","13","533","298","572","268","537","264","306","217","231","124","35","40","35","40","0","13","1002","475","414","256","320","214","268","212","264","374","322","386","428","403","428","403","435","404","532","414","619","403","667","424","827","450","381","275","446","368","0","13","0","13","320","362","394","263","39","47","19","30","18","27","37","64","0","13","N","N","330","222","320","214","177","204","322","386","0","13","0","13","0","13","0","13","322","386","322","386","0","13","0","13","0","13","16","26","306","385","264","374","58","93","0","13","0","13","0","13","0","13","0","13","0","13","264","374","74","96","58","93","0","13","0","13","16","26","89","107","73","104","0","13","73","104","16","26","16","26","0","13","322","386","0","13","182","206","140","192","(X)","(X)","(X)","(X)","(X)","(X)","(X)","(X)","(X)","(X)","(X)","(X)","(X)","(X)","(X)","(X)","322","386","16","26","306","385","0","13","0","13","248","373","74","96","0","13","0","13","0","13","0","13","0","13","(X)","(X)","0","13","182","206","140","192","31.6","29.0","0.0","77.5","0.0","77.5","-","**","0.0","77.5","36.8","32.6","41.2","35.1","0.0","33.4","0.0","26.3","0.0","26.3","3.2","5.5","58.3","39.3","33.4","36.9","100.0","43.2","-","**","0.0","22.0","-","**","-","**","0.0","91.2","0.0","100.0","33.8","37.3","10.9","13.8","38.9","48.4","-","**","-","**","3.0","5.2","15.6","18.3","13.6","19.1","0.0","12.2","31.6","37.8","45.7","54.3","45.7","54.3","-","**","32.1","29.3","0.0","9.2","56.9","38.4","52.2","41.4","(X)","(X)","(X)","(X)","(X)","(X)","(X)","(X)","(X)","(X)","(X)","(X)","(X)","(X)","(X)","(X)","38.9","33.7","4.2","7.4","68.6","38.9","-","**","-","**","77.5","48.1","18.8","24.8","0.0","52.7","0.0","75.5","0.0","77.5","0.0","54.1","-","**","(X)","(X)","0.0","11.4","56.9","38.4","79.1","42.2",
"1400000US25025070802","Census Tract 708.02, Suffolk County, Massachusetts","2558","474","162","108","59","64","103","98","162","108","2094","379","1299","323","795","240","409","250","302","224","1121","290","1437","337","1843","378","395","202","0","13","143","125","0","13","16","29","161","211","282","220","1736","369","2311","426","70","77","263","191","167","115","1811","401","1802","366","1762","365","624","171","1138","283","40","40","21","27","19","29","2396","430","1572","381","344","152","480","237","193","127","594","254","616","255","670","264","694","269","853","321","991","334","1187","399","1606","397","696","263","910","283","0","13","0","13","77","80","815","289","125","97","129","84","158","127","253","212","49","56","5919","2055","995","341","182","122","429","233","492","270","19","30","0","13","19","30","19","30","248","123","101","91","147","101","225","222","225","222","304","238","188","89","122","97","152","143","0","13","41","48","0","13","16","29","161","211","175","204","122","97","420","263","70","77","91","88","0","13","259","226","81","77","62","72","9","29","53","64","19","29","0","13","19","29","473","267","19","55","115","86","339","226","(X)","(X)","(X)","(X)","(X)","(X)","(X)","(X)","(X)","(X)","(X)","(X)","(X)","(X)","(X)","(X)","455","267","285","238","170","87","0","13","0","13","53","58","48","65","46","76","28","42","55","55","189","214","36","51","(X)","(X)","19","55","97","82","339","226","19.2","9.0","11.7","19.6","0.0","42.8","18.4","34.0","11.7","19.6","11.8","5.5","7.8","6.8","18.5","11.3","55.0","33.0","74.5","29.3","27.1","17.4","13.1","5.5","6.6","5.1","38.5","24.4","-","**","28.7","34.9","-","**","100.0","82.2","100.0","21.8","62.1","38.4","7.0","5.4","18.2","10.0","100.0","39.3","34.6","23.1","0.0","21.1","14.3","11.4","4.5","4.1","3.5","3.9","1.4","4.5","4.7","5.3","47.5","52.5","0.0","71.8","100.0","75.5","19.7","9.6","1.2","3.3","33.4","18.1","70.6","22.2","(X)","(X)","(X)","(X)","(X)","(X)","(X)","(X)","(X)","(X)","(X)","(X)","(X)","(X)","(X)","(X)","28.3","14.0","40.9","25.2","18.7","8.8","-","**","-","**","68.8","33.4","5.9","8.3","36.8","47.6","21.7","28.2","34.8","42.5","74.7","34.9","73.5","59.9","(X)","(X)","1.9","5.3","53.3","30.4","79.0","18.8",
"1400000US25025070901","Census Tract 709.01, Suffolk County, Massachusetts","1344","367","191","92","0","13","191","92","191","92","1005","352","285","176","720","317","284","107","148","94","372","177","972","319","390","184","254","209","0","13","252","259","0","13","317","206","131","126","646","259","238","109","997","310","169","102","190","146","263","190","375","182","823","291","802","294","188","91","614","251","21","25","21","25","0","13","1153","341","487","229","347","151","319","182","48","39","398","237","442","237","516","245","516","245","820","313","972","299","1045","299","449","220","51","59","398","227","0","13","0","13","54","84","17","26","143","162","99","123","83","66","6","14","47","57","N","N","134","131","107","91","208","157","172","115","37","41","0","13","37","41","37","41","113","84","56","58","57","59","33","36","22","34","76","72","96","66","44","53","29","31","0","13","0","13","0","13","88","96","11","17","104","102","28","44","107","79","46","58","20","24","41","41","0","13","37","40","28","38","0","13","28","38","9","14","9","14","0","13","135","89","0","13","48","44","87","71","(X)","(X)","(X)","(X)","(X)","(X)","(X)","(X)","(X)","(X)","(X)","(X)","(X)","(X)","(X)","(X)","84","71","39","55","45","46","0","13","0","13","28","44","0","13","0","13","30","54","20","22","6","14","0","13","(X)","(X)","0","13","20","25","64","61","12.8","9.1","19.4","21.9","-","**","19.4","21.9","19.4","21.9","11.2","8.7","19.6","19.8","7.9","8.8","11.6","12.8","14.9","22.1","20.4","17.8","9.9","7.3","11.3","12.7","11.4","13.6","-","**","0.0","14.6","-","**","27.8","32.5","8.4","18.3","16.1","16.5","11.8","16.1","10.7","8.9","27.2","29.9","10.5","14.5","15.6","19.8","0.0","10.1","4.5","5.3","3.5","5.0","0.0","19.0","4.6","6.6","42.9","57.1","42.9","57.1","-","**","11.7","8.4","0.0","7.9","13.8","12.0","27.3","24.9","(X)","(X)","(X)","(X)","(X)","(X)","(X)","(X)","(X)","(X)","(X)","(X)","(X)","(X)","(X)","(X)","18.7","17.2","76.5","42.4","11.3","11.3","-","**","-","**","51.9","4.4","0.0","79.8","0.0","24.1","30.3","58.6","24.1","30.4","100.0","100.0","0.0","48.0","(X)","(X)","0.0","25.4","18.7","20.9","30.8","36.2",
"1400000US25025070902","Census Tract 709.02, Suffolk County, Massachusetts","1802","279","183","103","167","100","16","26","167","100","1457","215","767","256","690","174","259","118","162","101","807","157","995","207","1400","260","146","87","43","56","103","67","0","13","55","47","55","67","201","114","1335","254","1494","258","135","101","99","56","96","62","1164","233","1273","199","1254","198","536","125","718","129","19","21","8","12","11","17","1635","251","1061","158","291","131","283","117","115","78","248","106","313","119","317","119","317","119","426","145","518","151","642","175","1014","235","450","137","564","159","0","13","16","26","108","72","423","207","121","79","104","70","126","55","98","68","18","22","6847","2959","575","142","241","130","198","97","232","106","16","26","0","13","16","26","0","13","166","78","97","75","69","41","81","72","50","65","137","67","95","71","110","79","55","54","8","21","25","41","0","13","34","41","0","13","58","59","86","65","191","101","66","70","66","49","7","16","52","56","28","28","17","23","17","23","0","13","11","17","0","13","11","17","232","106","10","16","39","38","183","92","(X)","(X)","(X)","(X)","(X)","(X)","(X)","(X)","(X)","(X)","(X)","(X)","(X)","(X)","(X)","(X)","232","106","137","67","95","71","0","13","16","26","25","24","72","73","7","17","7","16","55","42","50","65","0","13","(X)","(X)","10","16","39","38","183","92","12.9","5.3","8.7","15.1","0.0","21.1","100.0","82.2","0.0","21.1","11.4","4.9","12.6","9.4","10.0","6.3","31.3","21.7","30.9","31.9","17.0","7.7","9.5","6.3","7.9","5.1","37.7","27.3","18.6","55.4","24.3","33.9","-","**","61.8","46.3","0.0","44.4","28.9","23.3","6.4","4.4","12.8","5.9","48.9","30.0","66.7","23.2","7.3","17.6","4.5","4.4","2.2","2.2","1.4","1.8","3.2","4.2","0.0","5.4","57.9","57.9","0.0","100.0","100.0","99.2","14.2","5.8","0.9","1.5","13.4","11.2","64.7","18.3","(X)","(X)","(X)","(X)","(X)","(X)","(X)","(X)","(X)","(X)","(X)","(X)","(X)","(X)","(X)","(X)","22.9","9.4","30.4","14.4","16.8","10.7","-","**","100.0","82.2","23.1","23.4","17.0","14.8","5.8","14.4","6.7","15.2","43.7","26.8","51.0","42.9","0.0","77.5","(X)","(X)","1.7","2.7","16.2","13.5","92.4","8.2",
"1400000US25025071101","Census Tract 711.01, Suffolk County, Massachusetts","3997","497","399","183","250","157","149","64","399","183","3090","404","1535","360","1555","353","734","318","508","304","2015","368","1982","379","2088","483","527","235","27","38","741","233","0","13","303","229","311","236","583","265","1913","460","3408","483","320","143","327","147","709","398","2052","331","2453","367","2261","372","1295","336","966","235","192","122","103","81","89","88","3598","488","1707","365","814","262","1077","300","376","155","799","228","830","237","1086","302","1108","313","1463","383","1905","450","2288","501","2168","404","1103","290","1065","297","0","13","0","13","167","107","806","303","95","56","462","230","402","172","38","40","198","121","7577","1452","868","258","595","245","705","241","715","223","0","13","0","13","0","13","0","13","593","210","241","139","352","163","203","130","122","110","207","119","508","207","227","132","107","69","27","38","271","127","0","13","60","75","23","36","200","144","142","90","632","205","157","104","213","127","90","72","172","94","119","72","90","72","43","51","47","50","29","26","13","23","16","18","715","223","29","46","150","107","536","217","(X)","(X)","(X)","(X)","(X)","(X)","(X)","(X)","(X)","(X)","(X)","(X)","(X)","(X)","(X)","(X)","694","229","197","121","497","209","0","13","0","13","83","66","158","107","20","29","126","86","185","113","6","15","116","109","(X)","(X)","29","46","150","107","515","221","17.9","5.3","0.0","9.5","0.0","14.7","0.0","23.2","0.0","9.5","19.2","6.0","15.7","8.6","22.6","9.0","27.7","18.9","24.0","24.8","10.3","5.5","25.6","9.1","10.9","5.9","20.3","13.8","100.0","63.3","36.6","15.1","-","**","19.8","27.6","7.4","13.3","34.3","23.2","7.4","4.6","18.5","5.8","49.1","27.4","65.1","22.5","12.7","10.8","8.4","4.4","4.9","3.0","4.0","3.2","3.3","4.0","4.9","5.1","15.1","16.5","12.6","25.1","18.0","29.5","19.9","5.8","1.7","2.7","18.4","11.8","49.8","14.3","(X)","(X)","(X)","(X)","(X)","(X)","(X)","(X)","(X)","(X)","(X)","(X)","(X)","(X)","(X)","(X)","32.0","9.0","17.9","9.9","46.7","13.9","-","**","-","**","49.7","28.8","19.6","12.5","21.1","28.5","27.3","18.1","46.0","19.6","15.8","41.2","58.6","43.6","(X)","(X)","3.3","5.5","25.2","15.5","73.0","16.2",
"1400000US25025071201","Census Tract 712.01, Suffolk County, Massachusetts","4003","780","647","168","178","98","469","167","619","175","2512","385","908","272","1604","333","1062","424","844","400","2251","529","1752","337","1888","404","595","171","35","49","908","702","0","13","394","261","183","104","1033","322","1395","299","3020","664","844","496","627","196","373","194","1176","191","1854","272","1569","215","863","190","706","113","285","210","173","180","112","103","3471","761","1078","218","675","199","1718","602","843","305","1948","801","2097","777","2132","775","2278","818","2577","831","2608","833","2881","833","1416","356","921","334","495","135","11","17","17","27","77","69","318","163","151","114","306","107","261","143","207","116","68","44","7446","1428","465","150","240","155","711","244","1205","332","364","164","137","98","227","137","336","163","674","226","251","129","423","176","235","103","167","79","677","256","528","162","577","272","197","179","35","49","80","57","0","13","221","193","95","73","485","236","376","207","744","275","223","113","233","86","166","115","122","94","359","215","155","116","52","92","103","67","204","170","101","137","103","102","858","266","0","13","213","137","645","202","(X)","(X)","(X)","(X)","(X)","(X)","(X)","(X)","(X)","(X)","(X)","(X)","(X)","(X)","(X)","(X)","663","252","439","240","224","93","11","17","17","27","24","40","87","78","72","58","139","57","164","137","110","71","39","28","(X)","(X)","0","13","138","121","525","187","30.1","8.2","56.3","19.3","77.0","22.5","48.4","22.8","54.3","19.7","26.8","7.5","27.6","12.1","26.4","8.8","22.1","10.8","19.8","11.5","30.1","9.1","30.1","10.0","30.6","10.4","33.1","29.9","100.0","55.6","8.8","9.1","-","**","56.1","33.3","51.9","28.9","47.0","22.4","27.0","10.7","24.6","8.0","26.4","21.7","37.2","12.6","44.5","20.1","10.4","7.2","19.4","9.8","9.9","6.8","6.0","10.0","14.6","8.9","71.6","20.7","58.4","37.5","92.0","17.9","24.7","7.8","0.0","3.6","31.6","15.5","37.5","14.7","(X)","(X)","(X)","(X)","(X)","(X)","(X)","(X)","(X)","(X)","(X)","(X)","(X)","(X)","(X)","(X)","46.8","9.7","47.7","13.5","45.3","13.8","100.0","99.2","100.0","79.8","31.2","47.8","27.4","21.4","47.7","30.4","45.4","13.8","62.8","27.9","53.1","24.3","57.4","34.9","(X)","(X)","0.0","8.2","57.5","25.9","73.8","11.6",
"1400000US25025080100","Census Tract 801, Suffolk County, Massachusetts","2031","402","481","165","84","66","397","144","481","165","1305","288","604","153","701","200","304","142","245","134","997","282","1034","234","462","187","1042","303","51","74","28","29","0","13","354","178","94","55","390","142","427","186","1368","289","253","101","361","116","294","99","460","188","884","178","798","177","329","96","469","139","86","56","26","29","60","48","1604","341","566","153","516","171","522","211","387","240","578","274","725","295","989","273","1037","292","1252","280","1557","282","1655","303","673","278","345","214","328","166","0","13","0","13","70","56","206","76","102","94","122","95","81","38","63","98","29","30","9392","2233","166","91","296","133","211","186","548","270","120","88","0","13","120","88","120","88","381","215","207","103","174","142","47","44","47","44","278","190","270","143","113","85","252","186","0","13","0","13","0","13","126","101","57","47","178","105","87","89","373","199","117","80","86","81","62","47","108","86","127","61","74","52","13","21","61","44","53","46","0","13","53","46","444","223","0","13","194","88","250","193","(X)","(X)","(X)","(X)","(X)","(X)","(X)","(X)","(X)","(X)","(X)","(X)","(X)","(X)","(X)","(X)","310","195","201","179","109","70","0","13","0","13","55","50","100","63","61","71","47","56","34","33","6","15","7","11","(X)","(X)","0","13","148","75","162","184","27.0","11.7","24.9","18.7","0.0","35.6","30.2","22.0","24.9","18.7","29.2","13.1","34.3","14.5","24.8","15.1","15.5","13.8","19.2","17.2","27.9","15.4","26.1","12.2","24.5","16.4","24.2","16.5","0.0","46.1","0.0","62.2","-","**","35.6","25.0","60.6","27.2","45.6","23.4","20.4","18.6","27.3","11.4","46.2","21.1","23.8","18.7","21.1","13.7","23.5","15.2","14.4","6.8","9.3","6.2","4.0","6.0","13.0","8.3","61.6","31.1","0.0","64.5","88.3","21.9","27.7","11.3","0.0","6.8","37.6","13.8","47.9","21.8","(X)","(X)","(X)","(X)","(X)","(X)","(X)","(X)","(X)","(X)","(X)","(X)","(X)","(X)","(X)","(X)","46.1","16.2","58.3","19.9","33.2","17.8","-","**","-","**","78.6","36.6","48.5","22.0","59.8","27.3","38.5","24.5","42.0","35.4","9.5","27.6","24.1","45.3","(X)","(X)","0.0","21.2","50.0","17.5","76.8","24.2",
"1400000US25025080300","Census Tract 803, Suffolk County, Massachusetts","2188","372","475","248","252","146","223","142","475","248","1629","267","1036","243","593","144","282","116","84","87","800","203","1388","279","446","279","1363","275","0","13","105","114","0","13","131","44","143","102","396","199","312","222","1606","245","206","102","307","121","390","133","703","241","1144","249","1026","243","358","105","668","196","118","99","41","49","77","86","1718","255","717","222","517","212","484","142","359","226","781","314","838","313","888","318","917","325","1166","363","1429","345","1692","331","667","240","203","91","464","202","0","13","0","13","61","78","283","202","69","54","69","53","158","75","9","11","18","23","6914","2606","304","182","95","59","268","130","632","222","217","120","72","68","145","75","217","120","389","142","252","123","137","66","107","57","26","26","205","141","427","130","37","41","355","211","0","13","69","102","0","13","110","50","61","72","195","90","13","14","415","150","139","64","89","66","43","44","144","121","134","67","96","24","25","34","71","41","38","59","0","13","38","59","415","150","7","13","134","66","274","124","(X)","(X)","(X)","(X)","(X)","(X)","(X)","(X)","(X)","(X)","(X)","(X)","(X)","(X)","(X)","(X)","301","145","73","64","228","129","0","13","0","13","0","13","138","120","9","15","40","40","88","54","8","11","18","23","(X)","(X)","7","13","45","61","249","130","28.9","10.1","45.7","19.9","28.6","23.5","65.0","19.9","45.7","19.9","23.9","9.7","24.3","13.2","23.1","10.7","37.9","20.0","31.0","40.9","25.6","14.5","30.8","11.5","8.3","10.1","26.0","14.8","-","**","65.7","55.8","-","**","84.0","33.0","42.7","42.3","49.2","32.8","4.2","5.4","25.8","10.3","67.5","23.7","29.0","17.4","11.0","10.8","20.5","16.2","11.7","6.3","9.4","3.9","7.0","9.2","10.6","6.8","32.2","39.9","0.0","51.4","49.4","50.6","24.2","9.6","1.0","1.9","25.9","16.1","56.6","19.2","(X)","(X)","(X)","(X)","(X)","(X)","(X)","(X)","(X)","(X)","(X)","(X)","(X)","(X)","(X)","(X)","45.1","18.6","36.0","25.4","49.1","22.7","-","**","-","**","0.0","42.1","48.8","34.1","13.0","22.4","58.0","34.4","55.7","21.5","88.9","29.1","100.0","77.5","(X)","(X)","2.3","5.3","47.4","44.8","92.9","7.5",
"1400000US25025080401","Census Tract 804.01, Suffolk County, Massachusetts","2889","455","766","202","208","133","558","157","761","200","1659","321","680","174","979","264","679","202","464","162","1424","245","1465","323","649","216","1273","301","15","25","74","70","0","13","691","389","187","175","1549","428","264","103","1790","282","487","193","586","204","384","136","333","117","1331","280","1190","273","494","179","696","186","141","88","94","69","47","55","2222","343","679","217","647","194","896","212","600","238","1568","378","1649","362","1761","359","1761","359","2178","454","2483","471","2578","468","910","250","436","129","474","205","0","13","0","13","93","66","161","89","127","118","74","57","150","117","116","61","189","129","5752","1522","289","167","159","86","462","152","1385","349","499","190","181","128","318","140","494","189","643","177","295","119","348","131","313","158","243","144","712","201","673","217","245","160","773","291","0","13","61","56","0","13","197","179","109","158","660","279","102","63","761","216","217","120","292","150","176","108","76","58","391","138","268","115","81","75","187","80","123","82","90","69","33","46","954","258","33","41","315","114","606","193","(X)","(X)","(X)","(X)","(X)","(X)","(X)","(X)","(X)","(X)","(X)","(X)","(X)","(X)","(X)","(X)","459","189","241","103","218","134","0","13","0","13","85","64","57","54","2","5","47","49","82","48","68","50","118","117","(X)","(X)","0","13","120","75","339","147","47.9","10.4","65.1","17.8","87.0","16.5","57.0","21.8","64.9","18.0","38.8","10.3","43.4","12.9","35.5","13.1","46.1","16.0","52.4","17.9","50.0","10.9","45.9","13.1","37.8","18.4","60.7","12.8","0.0","84.9","82.4","19.6","-","**","28.5","25.3","58.3","48.1","42.6","16.9","38.6","23.8","42.5","10.1","44.6","20.5","49.8","17.8","45.8","20.7","22.8","14.3","29.4","10.5","22.5","9.9","16.4","13.5","26.9","12.1","87.2","20.7","95.7","12.6","70.2","47.9","42.9","10.0","4.9","6.5","48.7","13.8","67.6","13.5","(X)","(X)","(X)","(X)","(X)","(X)","(X)","(X)","(X)","(X)","(X)","(X)","(X)","(X)","(X)","(X)","50.4","14.7","55.3","14.7","46.0","22.0","-","**","-","**","91.4","16.0","35.4","25.4","1.6","5.2","63.5","39.4","54.7","45.0","58.6","31.3","62.4","31.4","(X)","(X)","0.0","12.9","75.5","17.4","73.4","15.1",
"1400000US25025080500","Census Tract 805, Suffolk County, Massachusetts","3455","473","878","231","297","170","581","180","878","231","2211","372","1012","210","1199","283","482","170","366","156","1542","240","1913","377","480","216","1552","385","67","55","221","111","0","13","973","404","162","107","1239","332","182","111","2015","373","441","149","458","153","583","165","533","255","1590","320","1370","305","525","133","845","280","220","107","104","68","116","79","2681","408","653","207","1110","285","918","210","572","238","1259","317","1456","374","1629","376","1742","378","2556","432","3083","494","3223","452","962","266","509","131","453","233","0","13","0","13","252","129","99","77","99","94","134","79","212","198","101","69","65","51","6902","1275","153","116","422","223","387","122","1010","288","285","170","13","20","272","169","285","170","601","161","283","112","318","122","156","72","124","68","544","160","466","172","171","136","503","214","0","13","88","69","0","13","170","110","78","72","347","189","59","47","516","141","129","75","155","85","166","91","66","51","245","115","182","93","101","67","81","50","63","56","45","50","18","25","798","219","0","13","372","170","426","127","(X)","(X)","(X)","(X)","(X)","(X)","(X)","(X)","(X)","(X)","(X)","(X)","(X)","(X)","(X)","(X)","488","119","319","107","169","80","0","13","0","13","173","99","15","22","27","40","96","70","53","53","69","52","55","46","(X)","(X)","0","13","177","82","311","109","29.2","8.6","32.5","17.0","4.4","7.1","46.8","19.2","32.5","17.0","27.2","7.6","28.0","10.7","26.5","10.2","32.4","13.9","33.9","18.1","35.3","8.6","24.4","9.8","35.6","21.8","32.4","13.8","0.0","40.2","39.8","22.6","-","**","17.5","12.8","48.1","33.1","28.0","13.9","32.4","23.3","25.6","7.9","29.3","14.4","33.8","16.2","28.5","14.7","12.4","10.6","15.4","6.8","13.3","6.2","19.2","10.5","9.6","6.0","28.6","21.5","43.3","28.6","15.5","22.9","29.8","8.5","0.0","5.9","33.5","14.3","46.4","12.8","(X)","(X)","(X)","(X)","(X)","(X)","(X)","(X)","(X)","(X)","(X)","(X)","(X)","(X)","(X)","(X)","50.7","13.6","62.7","13.6","37.3","22.2","-","**","-","**","68.7","16.6","15.2","19.4","27.3","42.0","71.6","28.4","25.0","33.4","68.3","32.4","84.6","20.6","(X)","(X)","0.0","22.7","41.9","22.8","80.4","13.3",
"1400000US25025080601","Census Tract 806.01, Suffolk County, Massachusetts","1911","354","377","155","61","45","316","137","377","155","1244","211","574","120","670","148","381","123","290","110","869","198","1042","203","310","132","719","166","37","57","485","284","0","13","270","137","90","51","495","151","153","73","1168","225","523","138","258","76","180","104","207","86","794","162","729","160","338","114","391","112","65","46","43","41","22","28","1553","281","298","113","533","141","722","163","405","163","990","333","1088","337","1221","338","1232","339","1512","355","1706","370","1768","364","639","142","284","94","355","100","0","13","0","13","223","91","66","55","7","10","85","49","128","53","87","46","43","33","7544","1122","90","60","158","62","391","99","923","329","223","137","15","23","208","134","223","137","499","160","219","81","280","127","247","112","201","107","440","181","483","182","109","62","281","125","0","13","284","267","0","13","191","126","58","44","242","132","81","55","526","207","319","120","57","41","95","95","55","43","174","86","165","87","112","84","53","34","9","11","9","11","0","13","700","232","10","14","199","107","491","149","(X)","(X)","(X)","(X)","(X)","(X)","(X)","(X)","(X)","(X)","(X)","(X)","(X)","(X)","(X)","(X)","427","114","214","82","213","81","0","13","0","13","148","75","11","12","2","4","85","49","71","48","67","43","43","33","(X)","(X)","10","14","77","42","340","91","48.3","12.4","59.2","23.4","24.6","35.2","65.8","22.4","59.2","23.4","40.1","11.3","38.2","11.7","41.8","15.2","64.8","15.6","69.3","17.3","50.6","13.9","46.4","12.4","35.2","20.2","39.1","17.8","0.0","54.1","58.6","28.4","-","**","70.7","22.1","64.4","22.7","48.9","22.6","52.9","16.5","45.0","12.9","61.0","16.2","22.1","15.7","52.8","29.6","26.6","17.6","21.9","10.6","22.6","11.5","33.1","18.9","13.6","9.1","13.8","20.8","20.9","34.4","0.0","70.1","45.1","11.7","3.4","5.1","37.3","15.5","68.0","12.1","(X)","(X)","(X)","(X)","(X)","(X)","(X)","(X)","(X)","(X)","(X)","(X)","(X)","(X)","(X)","(X)","66.8","8.7","75.4","9.9","60.0","12.9","-","**","-","**","66.4","12.9","16.7","21.9","28.6","64.5","100.0","35.4","55.5","25.1","77.0","23.3","100.0","50.2","(X)","(X)","11.1","16.9","48.7","14.3","87.0","8.9",
"1400000US25025080801","Census Tract 808.01, Suffolk County, Massachusetts","3106","728","680","288","116","67","564","272","680","288","2242","518","1201","482","1041","192","437","133","184","66","1548","416","1558","390","611","200","1575","729","0","13","162","53","0","13","574","269","184","123","1303","335","104","67","1816","315","692","185","271","97","569","215","284","147","1529","500","1292","498","602","237","690","324","237","105","108","77","129","69","2487","513","694","246","771","330","1022","223","683","307","1691","561","1919","577","2049","582","2049","582","2456","603","2756","709","2872","735","869","321","551","225","318","159","0","13","0","13","321","308","165","109","0","13","157","122","111","78","84","42","31","35","6156","1738","219","158","319","200","331","129","1566","566","468","283","38","33","430","276","468","283","1014","339","573","323","441","154","168","86","84","46","875","411","691","218","202","114","889","570","0","13","133","50","0","13","291","218","51","51","522","243","49","44","745","213","398","166","89","58","148","146","110","72","549","320","450","319","203","179","247","160","99","62","46","40","53","49","1153","342","30","39","513","321","610","199","(X)","(X)","(X)","(X)","(X)","(X)","(X)","(X)","(X)","(X)","(X)","(X)","(X)","(X)","(X)","(X)","536","209","383","208","153","90","0","13","0","13","213","189","77","53","0","13","100","108","76","72","39","29","31","35","(X)","(X)","0","13","257","194","279","127","50.4","9.7","68.8","19.9","32.8","26.5","76.2","17.1","68.8","19.9","45.2","9.1","47.7","12.8","42.4","12.6","38.4","16.5","45.7","22.0","56.5","14.8","44.4","8.7","33.1","19.8","56.4","14.2","-","**","82.1","14.1","-","**","50.7","26.3","27.7","27.9","40.1","15.5","47.1","30.2","41.0","9.5","57.5","14.1","32.8","18.6","26.0","20.5","38.7","22.9","35.9","12.3","34.8","14.5","33.7","21.6","35.8","12.3","41.8","19.9","42.6","34.8","41.1","26.9","46.4","8.5","4.3","6.0","66.5","17.1","59.7","14.1","(X)","(X)","(X)","(X)","(X)","(X)","(X)","(X)","(X)","(X)","(X)","(X)","(X)","(X)","(X)","(X)","61.7","12.7","69.5","18.6","48.1","28.0","-","**","-","**","66.4","16.8","46.7","26.8","-","**","63.7","35.5","68.5","32.8","46.4","34.2","100.0","59.1","(X)","(X)","0.0","16.6","80.6","15.7","84.3","12.3",
"1400000US25025080900","Census Tract 809, Suffolk County, Massachusetts","3418","380","48","53","18","24","30","40","48","53","3002","375","2491","353","511","146","396","118","368","118","1914","371","1504","291","2582","345","175","89","22","37","529","179","0","13","49","49","61","45","308","158","2323","354","1967","314","66","64","107","68","326","148","1468","310","2198","286","2103","282","1201","226","902","210","95","56","42","46","53","41","3400","372","1162","271","1412","269","826","209","699","162","1164","241","1264","272","1415","296","1456","295","1875","319","2353","392","2713","436","2960","366","1679","343","1281","318","0","13","0","13","1377","320","932","291","166","51","130","98","78","62","94","49","183","101","8869","1050","994","256","1267","281","699","187","1044","205","0","13","0","13","0","13","0","13","979","200","939","198","40","44","65","46","65","46","633","185","411","169","725","173","31","44","22","37","242","99","0","13","11","18","13","18","67","54","669","177","362","141","40","47","51","45","11","14","260","131","354","126","295","109","240","104","55","36","59","48","42","46","17","19","1044","205","0","13","516","156","528","155","(X)","(X)","(X)","(X)","(X)","(X)","(X)","(X)","(X)","(X)","(X)","(X)","(X)","(X)","(X)","(X)","1044","205","633","185","411","169","0","13","0","13","682","191","257","131","29","41","0","13","11","16","10","14","55","46","(X)","(X)","0","13","516","156","528","155","30.5","5.7","0.0","47.5","0.0","77.5","0.0","60.1","0.0","47.5","32.6","6.2","37.7","6.8","7.8","8.3","16.4","12.5","17.7","13.4","33.1","8.6","27.3","8.8","28.1","6.3","17.7","23.3","100.0","70.1","45.7","12.0","-","**","22.4","39.4","21.3","23.2","21.8","17.7","28.8","6.8","18.4","6.0","60.6","47.4","47.7","31.9","3.4","4.4","17.7","6.9","16.1","5.5","14.0","5.0","20.0","7.7","6.1","3.9","62.1","37.0","100.0","50.8","32.1","43.6","30.7","5.7","0.0","3.4","36.5","9.5","63.9","12.1","(X)","(X)","(X)","(X)","(X)","(X)","(X)","(X)","(X)","(X)","(X)","(X)","(X)","(X)","(X)","(X)","35.3","6.1","37.7","9.6","32.1","9.6","-","**","-","**","49.5","10.8","27.6","9.5","17.5","24.3","0.0","26.0","14.1","22.1","10.6","14.3","30.1","24.6","(X)","(X)","0.0","3.9","40.7","10.0","75.5","11.4",
"1400000US25025081001","Census Tract 810.01, Suffolk County, Massachusetts","5114","838","663","206","34","43","629","201","663","206","3779","757","2581","732","1198","258","821","187","672","195","2738","736","2376","497","2075","630","809","237","0","19","1504","318","0","19","574","229","152","176","847","300","1942","626","3200","718","463","155","573","270","633","247","1531","577","2658","546","2528","529","1276","392","1252","277","130","91","74","79","56","52","4567","791","1243","374","1597","374","1727","427","1237","452","2726","749","2845","776","3154","763","3216","740","3842","837","4442","837","4763","801","3051","754","1628","696","1423","331","0","19","0","19","1055","356","883","627","206","128","98","73","249","120","285","142","275","175","7720","947","636","289","1152","290","1263","412","2068","593","146","118","15","29","131","105","146","118","1492","551","1193","531","299","129","484","148","430","151","1069","538","999","257","1146","413","159","106","0","19","365","150","0","19","366","223","32","38","465","250","1065","409","1194","486","173","96","334","189","181","107","506","345","707","349","600","330","319","300","281","117","107","89","74","79","33","45","1922","562","113","140","636","244","1173","313","(X)","(X)","(X)","(X)","(X)","(X)","(X)","(X)","(X)","(X)","(X)","(X)","(X)","(X)","(X)","(X)","1717","540","903","523","814","230","0","19","0","19","722","280","429","448","2","4","61","54","155","101","188","132","160","88","(X)","(X)","113","140","606","241","998","279","40.4","8.7","22.0","18.0","44.1","55.9","20.8","17.7","22.0","18.0","39.5","9.9","46.2","11.7","25.0","10.7","59.0","16.5","64.0","20.1","39.0","12.0","42.0","10.5","55.2","10.9","19.7","13.5","-","**","24.3","9.8","-","**","63.8","31.4","21.1","42.4","54.9","24.2","54.8","11.3","37.3","10.0","37.4","20.7","58.3","17.9","28.6","16.6","33.1","15.5","26.6","10.6","23.7","10.9","25.0","18.6","22.4","9.0","82.3","25.0","100.0","38.2","58.9","47.5","42.1","8.5","9.1","10.5","39.8","11.8","67.9","11.5","(X)","(X)","(X)","(X)","(X)","(X)","(X)","(X)","(X)","(X)","(X)","(X)","(X)","(X)","(X)","(X)","56.3","8.7","55.5","11.9","57.2","12.2","-","**","-","**","68.4","8.3","48.6","24.8","1.0","2.2","62.2","47.5","62.2","31.4","66.0","29.6","58.2","37.5","(X)","(X)","17.8","19.1","52.6","12.4","79.0","12.8",
"1400000US25025081101","Census Tract 811.01, Suffolk County, Massachusetts","1060","238","114","95","104","94","10","17","114","95","896","191","698","190","198","112","50","52","50","52","445","119","615","184","705","237","31","51","0","13","172","100","0","13","142","125","10","17","180","144","627","183","905","195","39","53","0","13","79","69","787","179","840","192","820","181","398","118","422","130","20","27","0","13","20","27","946","195","622","166","224","113","100","85","143","132","201","147","201","147","219","150","219","150","379","195","523","210","607","204","698","173","324","101","374","142","0","13","0","13","41","42","519","180","61","63","0","13","66","73","11","19","0","13","9954","2018","480","156","187","109","31","38","156","133","29","48","29","48","0","13","29","48","127","94","114","79","13","22","0","13","0","13","75","57","81","99","62","51","0","13","0","13","22","35","0","13","72","118","0","13","22","35","62","51","108","92","0","13","0","13","0","13","108","92","60","47","60","47","44","43","16","18","0","13","0","13","0","13","127","94","13","22","53","44","61","63","(X)","(X)","(X)","(X)","(X)","(X)","(X)","(X)","(X)","(X)","(X)","(X)","(X)","(X)","(X)","(X)","84","62","62","53","22","25","0","13","0","13","19","22","65","58","0","13","0","13","0","13","0","13","0","13","(X)","(X)","0","13","53","44","31","38","14.7","12.7","25.4","52.7","27.9","61.6","0.0","100.0","25.4","52.7","14.2","10.4","16.3","11.4","6.6","11.5","0.0","46.5","0.0","46.5","16.9","13.3","13.2","16.1","8.8","7.4","0.0","59.1","-","**","12.8","20.9","-","**","50.7","50.7","0.0","100.0","12.2","21.8","9.9","8.1","11.9","10.1","0.0","52.7","-","**","0.0","36.9","13.7","11.5","7.1","5.8","7.3","5.9","11.1","10.9","3.8","4.4","0.0","73.6","-","**","0.0","73.6","13.4","9.9","2.1","3.6","23.7","18.0","61.0","43.6","(X)","(X)","(X)","(X)","(X)","(X)","(X)","(X)","(X)","(X)","(X)","(X)","(X)","(X)","(X)","(X)","12.0","9.3","19.1","16.7","5.9","6.9","-","**","-","**","46.3","53.7","12.5","11.1","0.0","42.1","-","**","0.0","40.5","0.0","99.2","-","**","(X)","(X)","0.0","8.0","28.3","22.3","100.0","59.1",
"1400000US25025081102","Census Tract 811.02, Suffolk County, Massachusetts","2776","501","120","61","14","22","106","57","120","61","2242","467","1491","366","751","303","479","204","414","159","1531","363","1245","373","1540","248","291","216","0","13","710","379","0","13","190","108","45","47","389","126","1361","247","1688","437","237","133","219","93","270","136","962","400","1695","455","1610","457","858","251","752","303","85","79","75","79","10","15","2723","511","970","429","1047","300","706","222","607","316","1047","392","1122","392","1311","405","1311","405","1590","415","1789","409","1951","411","1754","372","993","357","761","257","0","13","0","13","938","331","335","145","96","86","22","23","135","89","128","132","100","74","8327","1550","447","149","811","311","496","236","953","390","14","22","14","22","0","13","14","22","739","349","664","343","75","86","225","197","200","158","613","367","340","184","613","268","120","146","0","13","105","90","0","13","115","105","0","13","164","132","505","249","397","213","141","132","97","109","48","34","111","87","283","139","227","138","133","104","94","99","56","74","46","74","10","15","939","390","0","13","487","299","452","230","(X)","(X)","(X)","(X)","(X)","(X)","(X)","(X)","(X)","(X)","(X)","(X)","(X)","(X)","(X)","(X)","928","392","599","368","329","184","0","13","0","13","542","333","111","88","0","13","10","15","65","86","116","131","84","70","(X)","(X)","0","13","476","299","452","230","34.3","12.8","11.7","17.6","100.0","87.9","0.0","30.4","11.7","17.6","33.0","14.2","44.5","16.7","10.0","11.7","47.0","31.7","48.3","31.5","40.0","17.7","27.3","12.5","39.8","15.1","41.2","35.9","-","**","14.8","16.5","-","**","60.5","33.1","0.0","49.0","42.2","33.0","37.1","15.3","23.5","13.3","59.5","34.1","44.3","40.8","17.8","13.6","11.5","11.5","16.7","8.9","14.1","8.9","15.5","11.7","12.5","12.4","65.9","37.8","61.3","45.5","100.0","100.0","34.5","13.0","0.0","4.0","46.5","18.6","64.0","21.9","(X)","(X)","(X)","(X)","(X)","(X)","(X)","(X)","(X)","(X)","(X)","(X)","(X)","(X)","(X)","(X)","52.9","14.1","60.3","18.7","43.2","16.1","-","**","-","**","57.8","20.8","33.1","21.3","0.0","32.7","45.5","54.5","48.1","40.7","90.6","23.7","84.0","19.6","(X)","(X)","0.0","8.6","58.7","20.5","91.1","10.4",
"1400000US25025081200","Census Tract 812, Suffolk County, Massachusetts","3997","679","1255","396","383","224","872","260","1255","396","2488","476","1285","411","1203","214","591","134","254","64","1854","436","2143","367","1482","490","1452","465","10","20","266","125","0","13","554","310","233","199","1991","618","632","200","2483","453","661","177","536","146","518","175","768","257","1793","404","1440","263","579","144","861","191","353","240","158","133","195","129","2853","501","922","199","896","279","1035","233","871","464","1738","494","1932","474","2046","476","2088","486","2421","513","2909","539","3396","711","928","266","428","213","500","119","0","13","0","13","92","79","469","237","59","56","100","75","124","75","43","42","41","45","7299","2934","282","136","257","112","389","185","1491","493","734","349","266","194","468","200","734","349","683","233","343","186","340","142","163","93","74","48","640","330","851","269","545","400","419","220","10","20","8","15","0","13","398","260","111","132","1082","492","134","101","669","209","206","117","178","92","131","76","154","135","227","105","125","64","20","24","105","56","102","88","0","13","102","88","834","260","23","36","267","106","544","220","(X)","(X)","(X)","(X)","(X)","(X)","(X)","(X)","(X)","(X)","(X)","(X)","(X)","(X)","(X)","(X)","351","187","205","149","146","70","0","13","0","13","46","62","144","167","0","13","53","52","57","49","31","38","20","31","(X)","(X)","0","13","63","61","288","179","37.3","9.8","58.5","17.9","69.5","28.3","53.7","17.1","58.5","17.9","27.5","8.3","26.7","12.2","28.3","10.0","27.6","13.8","29.1","16.4","34.5","13.4","39.7","10.3","36.8","18.3","28.9","15.0","100.0","100.0","3.0","5.8","-","**","71.8","20.9","47.6","36.3","54.3","15.6","21.2","12.9","26.9","7.6","31.2","15.7","33.2","13.3","25.3","14.1","20.1","13.7","12.7","6.5","8.7","4.6","3.5","4.2","12.2","6.8","28.9","28.9","0.0","22.1","52.3","38.4","29.2","7.9","2.5","4.1","29.8","11.9","52.6","12.7","(X)","(X)","(X)","(X)","(X)","(X)","(X)","(X)","(X)","(X)","(X)","(X)","(X)","(X)","(X)","(X)","37.8","13.3","47.9","20.8","29.2","12.2","-","**","-","**","50.0","44.3","30.7","24.0","0.0","42.8","53.0","29.4","46.0","27.9","72.1","34.9","48.8","51.2","(X)","(X)","0.0","13.2","24.5","18.8","74.0","17.0",
"1400000US25025081301","Census Tract 813.01, Suffolk County, Massachusetts","2398","797","564","430","152","147","412","407","564","430","1324","462","428","195","896","379","658","190","510","195","1109","323","1289","579","742","588","974","275","0","13","40","49","0","13","310","332","332","191","929","409","588","570","1587","386","350","125","543","319","245","146","449","241","1219","478","995","347","508","234","487","222","224","198","179","185","45","79","1852","411","611","236","525","220","716","282","265","195","633","201","687","192","830","205","1508","764","1723","786","1723","786","1783","781","617","176","296","122","321","147","0","13","0","13","28","34","43","49","23","39","120","99","96","72","219","122","88","87","4570","2205","106","85","41","46","470","184","568","184","117","138","92","120","25","39","117","138","227","106","84","89","143","111","270","147","224","146","183","101","385","198","152","140","125","111","0","13","18","42","0","13","144","197","129","108","390","197","35","42","406","183","213","117","12","27","101","95","80","69","86","91","41","54","9","21","32","42","45","79","0","13","45","79","451","151","0","13","86","91","365","176","(X)","(X)","(X)","(X)","(X)","(X)","(X)","(X)","(X)","(X)","(X)","(X)","(X)","(X)","(X)","(X)","365","176","149","96","216","139","0","13","0","13","0","13","16","19","0","13","97","98","46","51","142","102","64","78","(X)","(X)","0","13","0","13","365","176","23.7","11.1","20.7","27.4","60.5","45.7","6.1","13.9","20.7","27.4","17.1","9.2","19.6","16.9","16.0","13.9","41.0","16.2","43.9","20.5","16.5","11.1","29.9","18.5","20.5","25.8","12.8","11.4","-","**","45.0","55.0","-","**","46.5","53.3","38.9","32.2","42.0","15.9","6.0","11.3","25.6","12.5","60.9","24.8","2.2","5.6","41.2","34.9","17.8","16.5","7.1","7.0","4.1","5.5","1.8","4.5","6.6","8.4","20.1","35.9","0.0","19.9","100.0","49.0","24.4","10.4","0.0","6.3","16.4","16.8","51.0","21.4","(X)","(X)","(X)","(X)","(X)","(X)","(X)","(X)","(X)","(X)","(X)","(X)","(X)","(X)","(X)","(X)","59.2","20.4","50.3","28.9","67.3","25.9","-","**","-","**","0.0","62.2","37.2","53.7","0.0","68.6","80.8","38.2","47.9","38.8","64.8","33.0","72.7","44.2","(X)","(X)","0.0","30.4","0.0","51.4","77.7","18.4",
"1400000US25025081302","Census Tract 813.02, Suffolk County, Massachusetts","2301","395","517","343","55","73","462","331","517","343","1220","278","372","162","848","235","808","290","564","151","876","258","1425","259","713","427","692","379","0","13","0","13","0","13","710","308","186","158","1428","329","238","176","1583","251","435","236","741","296","163","155","244","175","825","414","756","397","321","165","435","273","69","73","12","27","57","67","1852","293","240","254","624","421","988","306","695","465","1393","555","1824","350","2002","296","2050","277","2095","269","2189","310","2264","339","838","198","256","152","582","175","0","13","0","13","116","102","151","145","64","62","132","129","44","61","166","113","165","107","6181","1313","86","90","198","103","554","192","1112","525","393","320","10","15","383","315","393","320","516","198","165","111","351","212","236","153","203","141","412","226","700","335","555","411","235","156","0","13","0","13","0","13","257","208","65","83","773","531","90","75","612","277","257","146","180","153","124","127","51","54","88","78","88","78","0","13","88","78","0","13","0","13","0","13","719","252","0","13","99","84","620","272","(X)","(X)","(X)","(X)","(X)","(X)","(X)","(X)","(X)","(X)","(X)","(X)","(X)","(X)","(X)","(X)","475","163","144","96","331","150","0","13","0","13","107","97","38","49","20","36","120","127","33","57","90","87","67","81","(X)","(X)","0","13","95","82","380","172","48.3","19.7","76.0","30.8","18.2","44.2","82.9","31.2","76.0","30.8","42.3","17.4","44.4","23.5","41.4","23.0","29.2","23.0","36.0","24.1","47.0","23.3","49.1","19.9","77.8","22.6","34.0","25.0","-","**","-","**","-","**","36.2","29.1","34.9","41.2","54.1","32.8","37.8","24.6","38.7","16.9","59.1","29.4","24.3","28.4","76.1","64.4","20.9","16.4","10.7","8.8","11.6","9.5","0.0","11.7","20.2","15.9","0.0","39.6","0.0","95.0","0.0","43.6","38.8","16.0","0.0","15.3","15.9","12.5","62.8","19.8","(X)","(X)","(X)","(X)","(X)","(X)","(X)","(X)","(X)","(X)","(X)","(X)","(X)","(X)","(X)","(X)","56.7","14.7","56.3","28.7","56.9","21.9","-","**","-","**","92.2","11.2","25.2","19.8","31.3","49.2","90.9","24.4","75.0","55.3","54.2","38.7","40.6","48.6","(X)","(X)","0.0","35.1","48.0","27.4","68.6","21.9",
"1400000US25025081400","Census Tract 814, Suffolk County, Massachusetts","2997","427","291","167","66","51","225","159","291","167","2395","366","1221","291","1174","258","515","155","311","105","1473","323","1524","286","1373","291","1221","274","0","13","136","92","0","13","186","162","81","79","504","196","1172","271","1912","302","209","90","355","166","351","103","997","253","1936","357","1777","342","904","251","873","207","159","88","138","91","21","27","2721","390","1173","314","887","243","661","182","296","110","798","272","857","269","1044","279","1112","288","1616","385","1871","409","2056","403","1539","286","827","282","712","208","0","13","0","13","674","222","234","157","91","62","118","70","209","122","157","73","56","34","6609","898","496","193","677","208","366","110","619","188","12","21","0","13","12","21","12","21","501","179","351","163","150","92","165","70","106","60","280","131","339","155","320","161","210","88","0","13","34","38","0","13","28","29","27","41","107","76","290","143","276","95","112","64","62","47","62","57","40","35","255","122","202","107","93","55","109","88","53","43","43","39","10","18","607","189","7","9","306","153","294","105","(X)","(X)","(X)","(X)","(X)","(X)","(X)","(X)","(X)","(X)","(X)","(X)","(X)","(X)","(X)","(X)","598","192","268","132","330","156","0","13","0","13","331","163","11","17","8","28","52","48","90","75","85","55","21","29","(X)","(X)","7","9","297","157","294","105","20.7","6.1","4.1","7.1","0.0","40.5","5.3","9.4","4.1","7.1","20.9","6.9","28.7","10.6","12.8","8.1","32.0","12.7","34.1","19.5","19.0","8.2","22.2","8.7","23.3","9.8","17.2","8.6","-","**","25.0","27.5","-","**","15.1","21.2","33.3","46.0","21.2","15.3","24.7","10.0","14.4","5.4","53.6","23.6","17.5","14.4","17.7","15.1","4.0","3.8","13.2","5.8","11.4","5.5","10.3","5.9","12.5","9.1","33.3","28.6","31.2","30.3","47.6","52.4","22.3","6.5","0.6","0.8","34.5","13.0","44.5","15.4","(X)","(X)","(X)","(X)","(X)","(X)","(X)","(X)","(X)","(X)","(X)","(X)","(X)","(X)","(X)","(X)","38.9","10.2","32.4","13.6","46.3","14.6","-","**","-","**","49.1","15.6","4.7","8.2","8.8","28.6","44.1","30.3","43.1","29.4","54.1","31.8","37.5","43.1","(X)","(X)","1.4","1.8","43.9","14.7","80.3","11.5",
"1400000US25025081500","Census Tract 815, Suffolk County, Massachusetts","2920","538","496","187","113","100","383","128","496","187","2072","372","1162","355","910","178","627","236","352","196","1031","211","1889","408","516","199","1794","476","17","20","48","54","16","25","333","202","196","138","591","234","363","142","2008","458","491","172","541","178","308","124","668","326","1481","367","1306","334","644","188","662","201","175","116","18","20","157","113","2447","492","805","231","658","194","984","267","540","240","1211","408","1242","405","1572","412","1646","403","1945","410","2250","410","2610","540","837","207","409","127","428","145","0","13","0","13","147","82","291","135","60","37","93","61","179","102","59","53","8","11","7488","1459","343","108","272","124","222","91","1030","420","287","188","51","77","236","149","287","188","693","258","432","212","261","106","135","95","50","45","234","126","796","345","113","68","858","428","0","13","0","13","0","13","1","4","58","82","125","80","40","38","540","220","282","157","178","96","28","33","52","52","294","146","184","86","29","39","155","80","110","105","10","17","100","104","743","274","26","38","206","100","511","219","(X)","(X)","(X)","(X)","(X)","(X)","(X)","(X)","(X)","(X)","(X)","(X)","(X)","(X)","(X)","(X)","293","120","93","79","200","100","0","13","0","13","30","40","78","85","0","13","51","33","102","76","32","37","0","13","(X)","(X)","1","4","107","71","185","85","35.3","13.6","57.9","26.8","45.1","43.7","61.6","27.8","57.9","26.8","33.4","10.9","37.2","14.8","28.7","10.7","21.5","14.6","14.2","15.2","22.7","10.7","42.1","17.3","21.9","11.1","47.8","20.3","0.0","79.8","0.0","47.5","0.0","82.3","0.3","1.2","29.6","28.9","21.2","13.3","11.0","10.2","26.9","11.1","57.4","20.7","32.9","18.0","9.1","10.1","7.8","8.1","19.9","8.7","14.1","5.7","4.5","5.8","23.4","11.9","62.9","32.6","55.6","55.6","63.7","35.5","30.4","11.0","3.2","4.6","31.3","11.4","51.9","18.4","(X)","(X)","(X)","(X)","(X)","(X)","(X)","(X)","(X)","(X)","(X)","(X)","(X)","(X)","(X)","(X)","35.0","10.3","22.7","16.0","46.7","15.3","-","**","-","**","20.4","24.9","26.8","23.6","0.0","42.5","54.8","22.7","57.0","19.0","54.2","49.1","0.0","100.0","(X)","(X)","0.3","1.1","39.3","17.9","83.3","14.2",
"1400000US25025081700","Census Tract 817, Suffolk County, Massachusetts","4203","629","751","284","279","148","472","198","741","285","2800","459","1232","265","1568","362","1026","299","652","217","1817","391","2386","401","254","121","2766","481","334","375","101","127","0","13","516","308","232","184","892","378","223","110","2925","478","565","176","869","252","805","253","686","232","1962","350","1773","359","799","220","974","246","189","109","68","59","121","90","3574","538","1193","297","809","246","1572","435","437","190","1532","392","1773","427","2291","636","2396","619","3144","700","3557","662","3679","634","1607","419","814","329","793","261","10","22","0","13","162","126","297","162","71","93","234","148","446","277","272","191","115","60","7165","1556","525","249","293","163","789","321","1082","372","177","160","101","102","76","75","167","157","601","219","305","164","296","121","371","224","304","206","515","210","567","248","109","63","752","338","26","46","87","125","0","13","76","80","32","48","185","134","109","63","748","300","261","148","206","171","131","76","150","137","215","104","114","74","61","55","53","48","101","70","52","48","49","50","905","316","50","44","190","139","665","274","(X)","(X)","(X)","(X)","(X)","(X)","(X)","(X)","(X)","(X)","(X)","(X)","(X)","(X)","(X)","(X)","690","284","367","190","323","179","10","22","0","13","120","107","113","130","26","46","86","68","128","81","149","175","58","54","(X)","(X)","15","23","144","133","531","236","25.7","8.6","23.6","18.1","36.2","27.7","16.1","15.2","22.5","18.1","21.5","8.6","24.8","13.3","18.9","8.6","36.2","19.2","46.6","20.8","28.3","10.6","23.8","10.0","42.9","23.9","27.2","11.5","7.8","27.6","86.1","34.1","-","**","14.7","15.3","13.8","21.7","20.7","13.9","48.9","23.5","25.6","9.6","46.2","19.7","23.7","18.8","16.3","9.8","21.9","17.5","11.0","6.1","6.4","4.6","7.6","6.9","5.4","5.6","53.4","27.6","76.5","43.6","40.5","32.7","25.3","9.0","4.2","4.0","23.5","15.4","42.3","16.3","(X)","(X)","(X)","(X)","(X)","(X)","(X)","(X)","(X)","(X)","(X)","(X)","(X)","(X)","(X)","(X)","42.9","15.8","45.1","20.0","40.7","19.4","100.0","100.0","-","**","74.1","22.4","38.0","32.7","36.6","60.9","36.8","32.8","28.7","22.3","54.8","36.0","50.4","33.0","(X)","(X)","2.9","5.2","49.1","31.2","67.3","20.5",
"1400000US25025081800","Census Tract 818, Suffolk County, Massachusetts","3017","574","726","223","199","142","527","223","673","254","1903","389","715","287","1188","210","564","199","388","161","1545","383","1472","293","254","124","1946","588","0","13","21","35","0","13","445","269","351","275","869","257","242","124","1971","306","440","158","541","188","717","224","273","107","1478","345","1294","346","696","231","598","184","184","117","62","80","122","89","2344","450","1057","309","409","122","878","260","485","262","1071","302","1394","323","1610","305","1621","306","1817","301","2063","328","2614","565","917","248","484","189","433","142","0","13","53","55","86","80","110","85","150","133","154","100","213","92","121","79","30","27","8245","1733","322","125","152","107","443","150","884","326","315","185","54","69","261","144","262","208","440","171","154","95","286","138","182","99","129","78","440","258","444","206","58","47","338","169","0","13","0","13","0","13","381","246","107","180","542","260","46","44","512","188","203","112","199","128","100","72","10","17","224","142","173","126","116","104","57","64","51","55","0","13","51","55","622","209","101","84","95","99","426","165","(X)","(X)","(X)","(X)","(X)","(X)","(X)","(X)","(X)","(X)","(X)","(X)","(X)","(X)","(X)","(X)","462","185","237","139","225","119","0","13","53","55","34","35","66","68","51","84","76","62","112","74","59","57","11","16","(X)","(X)","18","22","84","92","360","150","29.3","11.2","43.4","24.4","27.1","35.3","49.5","26.6","38.9","26.9","23.1","9.2","21.5","13.0","24.1","10.5","32.3","13.0","33.2","17.4","28.5","15.4","30.2","12.6","22.8","20.0","17.4","9.4","-","**","0.0","71.8","-","**","85.6","14.0","30.5","39.5","62.4","26.1","19.0","19.2","26.0","8.7","46.1","20.4","36.8","18.6","13.9","9.8","3.7","6.3","15.2","9.3","13.4","9.2","16.7","13.6","9.5","10.3","27.7","27.9","0.0","41.8","41.8","35.4","26.5","8.8","9.6","8.1","23.2","22.0","48.5","13.8","(X)","(X)","(X)","(X)","(X)","(X)","(X)","(X)","(X)","(X)","(X)","(X)","(X)","(X)","(X)","(X)","50.4","13.4","49.0","19.9","52.0","18.6","-","**","100.0","45.2","39.5","36.6","60.0","36.4","34.0","45.8","49.4","27.4","52.6","25.9","48.8","32.6","36.7","44.7","(X)","(X)","5.6","6.9","55.3","34.1","81.3","14.8",
"1400000US25025081900","Census Tract 819, Suffolk County, Massachusetts","3388","727","629","191","184","162","445","184","629","191","2383","668","751","233","1632","493","629","234","376","126","1402","362","1986","509","431","272","2463","683","0","13","0","13","0","13","214","187","280","268","863","360","140","122","2476","653","270","146","661","235","867","454","678","223","2166","678","2044","676","842","302","1202","480","122","78","88","72","34","33","2789","655","1563","645","570","209","656","142","475","253","1125","396","1136","393","1306","389","1417","405","1720","427","1893","398","2187","429","778","234","384","177","394","142","0","13","0","13","71","107","107","73","95","66","164","140","215","116","35","24","91","65","7459","2225","316","169","145","102","317","115","990","401","367","220","131","149","236","174","367","220","512","175","159","99","353","134","158","89","111","78","464","243","526","222","186","190","499","252","0","13","0","13","0","13","71","80","234","256","502","335","43","56","529","182","140","81","151","105","119","99","119","94","299","151","201","133","124","112","77","77","98","76","82","71","16","22","629","218","34","56","215","140","380","121","(X)","(X)","(X)","(X)","(X)","(X)","(X)","(X)","(X)","(X)","(X)","(X)","(X)","(X)","(X)","(X)","323","125","202","99","121","75","0","13","0","13","34","51","34","52","40","40","32","38","124","88","0","13","59","55","(X)","(X)","0","13","56","57","267","107","29.2","11.4","58.3","25.9","71.2","46.7","53.0","28.5","58.3","25.9","21.5","8.6","21.2","12.4","21.6","9.5","25.1","14.1","29.5","17.7","33.1","13.8","26.5","11.6","43.2","30.9","20.3","10.7","-","**","-","**","-","**","33.2","42.6","83.6","31.8","58.2","26.4","30.7","23.2","21.4","8.5","51.9","26.4","22.8","15.7","13.7","12.7","17.6","13.6","13.8","7.7","9.8","7.0","14.7","12.3","6.4","6.6","80.3","23.4","93.2","15.7","47.1","47.2","22.6","8.5","2.2","3.7","37.7","22.5","57.9","13.3","(X)","(X)","(X)","(X)","(X)","(X)","(X)","(X)","(X)","(X)","(X)","(X)","(X)","(X)","(X)","(X)","41.5","14.1","52.6","23.6","30.7","17.5","-","**","-","**","47.9","3.5","31.8","45.2","42.1","35.3","19.5","28.5","57.7","29.2","0.0","55.6","64.8","31.6","(X)","(X)","0.0","11.9","38.6","32.6","84.2","11.1",
"1400000US25025082000","Census Tract 820, Suffolk County, Massachusetts","3708","627","911","275","110","87","801","278","898","279","2358","478","974","350","1384","254","490","124","439","120","1775","331","1933","445","452","307","2696","617","0","13","35","33","0","13","393","357","132","100","706","365","200","154","2417","451","280","138","706","182","649","248","782","281","2007","534","1800","478","835","282","965","335","207","118","175","110","32","37","2872","510","1150","339","1017","297","705","153","279","214","975","429","1158","417","1339","468","1365","468","1639","512","2007","516","2322","539","642","237","369","262","273","118","0","13","13","22","27","44","196","189","84","79","78","71","87","86","124","75","33","40","8371","2162","268","102","223","148","151","73","947","437","512","300","96","82","416","282","499","303","373","188","149","141","224","121","62","54","62","54","449","235","498","275","84","102","520","302","0","13","0","13","0","13","343","342","0","13","401","345","26","42","384","152","162","119","109","101","63","56","50","59","217","141","157","101","84","69","73","53","60","69","37","58","23","33","497","205","33","42","147","100","317","133","(X)","(X)","(X)","(X)","(X)","(X)","(X)","(X)","(X)","(X)","(X)","(X)","(X)","(X)","(X)","(X)","163","94","86","96","77","55","0","13","13","22","27","44","35","47","0","13","48","52","12","23","16","23","12","20","(X)","(X)","5","9","27","44","131","63","25.5","11.8","56.2","22.7","87.3","24.0","51.9","24.3","55.6","23.3","15.8","8.9","15.3","13.7","16.2","9.6","12.7","10.8","14.1","12.1","25.3","12.3","25.8","13.6","18.6","19.6","19.3","12.3","-","**","0.0","55.6","-","**","87.3","17.8","0.0","25.7","56.8","29.8","13.0","15.3","15.9","7.5","57.9","28.0","15.4","15.0","9.7","10.8","6.4","7.2","10.8","7.4","8.7","5.9","10.1","7.9","7.6","6.4","29.0","26.3","21.1","28.5","71.9","46.6","17.3","8.0","2.9","3.9","14.5","9.7","45.0","14.0","(X)","(X)","(X)","(X)","(X)","(X)","(X)","(X)","(X)","(X)","(X)","(X)","(X)","(X)","(X)","(X)","25.4","9.9","23.3","14.7","28.2","19.6","-","**","100.0","91.2","100.0","63.3","17.9","14.3","0.0","35.6","61.5","48.7","13.8","32.8","12.9","19.5","36.4","59.2","(X)","(X)","1.9","3.5","12.1","15.3","86.8","19.0",
"1400000US25025082100","Census Tract 821, Suffolk County, Massachusetts","5420","1167","1213","532","241","233","972","421","1213","532","3286","756","1658","576","1628","340","1284","439","921","393","2087","616","3333","784","893","670","2609","905","0","19","0","19","0","19","1305","676","613","469","2098","777","656","641","3769","733","692","267","1451","505","984","373","642","255","2416","579","2233","544","763","312","1470","434","183","146","0","19","183","146","4263","789","1517","456","1276","525","1470","441","431","401","2017","589","2183","652","2689","741","2925","747","4080","1105","4388","1049","4402","1050","1457","492","726","338","731","293","0","19","0","19","139","197","292","245","18","23","189","136","356","201","215","152","248","218","6283","2419","723","331","215","210","519","262","1119","417","265","194","59","98","206","143","265","194","406","184","123","108","283","160","467","281","448","282","529","324","590","235","212","184","351","203","0","19","0","19","0","19","262","220","294","273","405","236","202","184","838","328","252","181","381","185","155","122","50","72","256","157","236","158","99","111","137","119","20","33","0","19","20","33","889","317","45","72","211","135","633","244","(X)","(X)","(X)","(X)","(X)","(X)","(X)","(X)","(X)","(X)","(X)","(X)","(X)","(X)","(X)","(X)","490","259","294","241","196","143","0","19","0","19","0","19","58","82","2","4","81","95","21","33","181","145","147","150","(X)","(X)","45","72","79","89","366","198","20.6","8.2","21.8","16.5","24.5","39.9","21.2","15.5","21.8","16.5","12.4","6.0","7.4","7.2","17.4","9.4","36.4","16.3","48.6","19.8","25.3","14.1","17.7","7.5","23.7","25.5","13.5","6.7","-","**","-","**","-","**","20.1","17.2","48.0","37.9","19.3","13.1","30.8","40.3","22.2","8.1","36.4","25.2","26.3","12.6","15.8","10.5","7.8","11.6","10.6","6.7","10.6","7.1","13.0","14.3","9.3","7.7","10.9","19.1","-","**","10.9","19.1","20.9","7.4","3.0","4.6","16.5","13.7","43.1","13.9","(X)","(X)","(X)","(X)","(X)","(X)","(X)","(X)","(X)","(X)","(X)","(X)","(X)","(X)","(X)","(X)","33.6","13.6","40.5","21.5","26.8","20.2","-","**","-","**","0.0","24.6","19.9","27.4","11.1","33.7","42.9","37.1","5.9","9.9","84.2","18.3","59.3","25.2","(X)","(X)","6.2","9.0","36.7","47.1","70.5","15.6",
"1400000US25025090100","Census Tract 901, Suffolk County, Massachusetts","5290","727","1383","326","269","122","1114","294","1361","328","3187","418","1527","318","1660","314","898","317","720","308","2766","481","2524","403","421","161","3651","637","0","19","27","41","0","19","897","285","294","245","1688","458","211","131","3239","532","654","170","1296","399","819","228","470","178","2463","308","2191","306","1147","269","1044","185","272","106","60","51","212","111","4025","611","1388","274","1032","191","1605","464","610","429","1748","672","2082","676","2621","658","2807","656","3911","766","4600","776","4915","767","987","211","528","191","459","127","0","19","0","19","21","30","387","154","160","84","109","83","129","68","150","66","31","31","5030","2085","492","158","243","106","252","73","1523","662","679","303","70","68","609","267","679","303","577","246","231","150","346","139","282","278","267","277","700","370","823","353","160","113","947","558","0","19","0","19","0","19","287","243","129","174","572","314","59","51","742","419","153","92","351","327","191","132","47","42","322","162","182","103","30","48","152","95","140","94","11","26","129","91","878","453","39","46","251","161","588","385","(X)","(X)","(X)","(X)","(X)","(X)","(X)","(X)","(X)","(X)","(X)","(X)","(X)","(X)","(X)","(X)","200","77","77","59","123","63","0","19","0","19","21","30","22","29","4","8","44","51","51","36","39","33","19","28","(X)","(X)","0","19","47","52","153","60","28.8","10.6","49.1","16.3","26.0","23.6","54.7","16.5","49.9","16.6","18.1","7.7","15.1","9.7","20.8","8.1","31.4","24.3","37.1","28.6","25.3","12.0","32.6","10.9","38.0","23.1","25.9","13.5","-","**","0.0","63.3","-","**","32.0","23.4","43.9","42.3","33.9","14.4","28.0","22.0","22.9","11.0","23.4","12.2","27.1","20.2","23.3","15.3","10.0","9.7","13.1","6.6","8.3","4.8","2.6","4.1","14.6","8.4","51.5","27.2","18.3","41.0","60.8","34.6","21.8","9.8","2.8","3.3","24.3","13.4","36.6","18.1","(X)","(X)","(X)","(X)","(X)","(X)","(X)","(X)","(X)","(X)","(X)","(X)","(X)","(X)","(X)","(X)","20.3","7.5","14.6","10.4","26.8","13.2","-","**","-","**","100.0","71.8","5.7","8.0","2.5","5.2","40.4","34.8","39.5","25.6","26.0","20.4","61.3","55.5","(X)","(X)","0.0","7.8","19.3","18.4","60.7","20.1",
"1400000US25025090200","Census Tract 902, Suffolk County, Massachusetts","2411","457","864","255","158","112","706","216","864","255","1302","230","626","161","676","123","296","92","245","86","1235","312","1176","236","316","240","1642","486","0","13","9","12","0","13","263","170","181","210","780","192","20","27","1202","208","415","126","298","112","272","79","217","102","914","207","809","212","350","107","459","167","105","87","75","80","30","29","1711","317","468","165","378","122","865","200","390","176","1327","479","1616","433","1646","441","1707","446","2064","469","2222","447","2326","463","299","111","138","99","161","75","0","13","0","13","22","34","32","52","62","58","6","10","73","54","58","36","46","30","6888","2261","59","58","62","45","178","68","1298","464","564","265","134","106","430","207","564","265","647","235","307","158","340","97","108","53","87","48","681","305","617","193","288","240","603","413","0","13","6","10","0","13","249","168","152","203","704","187","8","19","546","151","298","105","134","66","55","44","59","48","369","196","280","152","75","52","205","146","89","88","70","82","19","27","806","285","88","59","195","110","523","166","(X)","(X)","(X)","(X)","(X)","(X)","(X)","(X)","(X)","(X)","(X)","(X)","(X)","(X)","(X)","(X)","161","70","75","57","86","50","0","13","0","13","0","13","9","15","50","54","0","13","29","28","49","35","24","24","(X)","(X)","0","13","11","18","150","70","53.8","15.0","65.3","17.2","84.8","17.9","60.9","17.6","65.3","17.2","49.7","15.3","49.0","19.8","50.3","12.9","36.5","19.5","35.5","22.2","55.1","18.1","52.5","13.4","91.1","13.4","36.7","20.2","-","**","66.7","43.8","-","**","94.7","6.3","84.0","43.9","90.3","8.8","40.0","60.0","45.4","13.4","71.8","21.2","45.0","22.9","20.2","15.8","27.2","18.2","40.4","19.0","34.6","17.3","21.4","17.5","44.7","21.9","84.8","27.1","93.3","18.5","63.3","55.3","47.1","15.0","18.8","13.7","51.6","17.9","60.5","15.0","(X)","(X)","(X)","(X)","(X)","(X)","(X)","(X)","(X)","(X)","(X)","(X)","(X)","(X)","(X)","(X)","53.8","17.2","54.3","21.0","53.4","25.7","-","**","-","**","0.0","70.1","28.1","70.4","80.6","34.1","0.0","100.0","39.7","35.6","84.5","29.8","52.2","40.5","(X)","(X)","0.0","42.8","17.7","28.6","84.3","14.2",
"1400000US25025090300","Census Tract 903, Suffolk County, Massachusetts","3071","728","833","264","188","117","645","198","833","264","1965","557","899","328","1066","333","385","91","273","63","1605","549","1466","309","412","320","1721","400","0","13","0","13","0","13","920","643","18","29","1434","622","80","64","1866","475","442","330","715","190","445","170","264","128","1608","649","1482","540","774","367","708","237","126","130","118","129","8","14","2328","629","804","390","804","334","720","167","373","176","932","307","1067","296","1407","338","1774","474","2469","590","2640","620","2773","728","738","367","407","255","331","147","0","13","0","13","102","125","148","125","98","81","67","61","199","97","113","63","11","15","7660","2465","336","263","212","136","190","92","847","293","295","200","106","93","189","123","295","200","520","186","272","171","248","86","103","70","32","41","486","228","361","124","64","85","577","255","0","13","0","13","0","13","206","151","0","13","330","205","4","3","419","147","58","57","245","144","96","64","20","32","287","158","161","89","73","64","88","61","126","130","118","129","8","14","588","186","25","30","241","154","322","132","(X)","(X)","(X)","(X)","(X)","(X)","(X)","(X)","(X)","(X)","(X)","(X)","(X)","(X)","(X)","(X)","282","141","171","129","111","78","0","13","0","13","102","125","19","30","13","19","0","13","121","71","25","40","2","3","(X)","(X)","0","13","157","133","125","81","27.6","9.4","35.4","19.4","56.4","34.3","29.3","17.7","35.4","19.4","26.5","8.9","30.3","15.5","23.3","12.0","26.8","16.4","11.7","15.1","30.3","11.4","24.6","9.7","15.5","20.4","33.5","13.8","-","**","-","**","-","**","22.4","11.3","0.0","77.5","23.0","10.9","5.0","7.1","22.5","9.4","13.1","21.7","34.3","15.3","21.6","14.8","7.6","11.1","17.8","7.3","10.9","7.5","9.4","9.8","12.4","9.7","100.0","26.7","100.0","28.1","100.0","100.0","25.3","8.3","3.1","4.2","30.0","16.0","44.7","13.9","(X)","(X)","(X)","(X)","(X)","(X)","(X)","(X)","(X)","(X)","(X)","(X)","(X)","(X)","(X)","(X)","38.2","11.2","42.0","16.5","33.5","23.5","-","**","-","**","100.0","31.3","12.8","22.3","13.3","22.3","0.0","40.2","60.8","32.3","22.1","32.3","18.2","42.4","(X)","(X)","0.0","11.2","74.1","25.5","65.8","25.2",
"1400000US25025090400","Census Tract 904, Suffolk County, Massachusetts","4415","758","1167","327","179","109","988","291","1167","327","2837","530","1139","286","1698","358","541","199","411","170","2010","383","2405","473","304","190","3398","686","0","13","16","27","0","13","332","313","365","293","1386","426","81","55","2597","454","513","213","772","218","847","285","465","152","2445","482","2143","386","914","259","1229","230","302","209","151","117","151","119","3339","587","1256","295","1148","252","935","284","329","308","1252","422","1576","431","1839","473","2036","504","2862","725","3429","758","3647","765","576","279","272","175","304","127","0","13","0","13","61","56","127","83","45","62","63","66","113","78","115","100","52","43","N","N","301","189","63","62","212","108","1002","414","375","193","96","91","279","156","375","193","473","245","173","113","300","166","182","140","154","131","387","183","615","275","70","81","903","407","0","13","0","13","0","13","0","13","29","44","499","251","11","25","511","222","198","140","199","149","69","63","45","57","400","260","203","117","84","67","119","91","197","186","95","100","102","95","670","320","40","54","181","108","449","235","(X)","(X)","(X)","(X)","(X)","(X)","(X)","(X)","(X)","(X)","(X)","(X)","(X)","(X)","(X)","(X)","120","78","47","49","73","60","0","13","0","13","14","20","0","13","0","13","6","13","28","45","54","55","18","29","(X)","(X)","0","13","26","37","94","72","22.7","8.4","32.1","14.6","53.6","31.4","28.2","15.8","32.1","14.6","16.7","7.9","15.2","9.1","17.7","9.1","33.6","19.4","37.5","24.0","19.3","8.5","25.6","10.4","23.0","22.2","26.6","10.2","-","**","0.0","82.3","-","**","0.0","11.3","7.9","7.8","36.0","13.9","13.6","29.8","19.7","7.8","38.6","21.1","25.8","16.2","8.1","7.7","9.7","11.2","16.4","9.5","9.5","5.6","9.2","7.2","9.7","7.6","65.2","29.5","62.9","34.1","67.5","37.4","20.1","8.4","3.2","4.2","15.8","9.4","48.0","15.4","(X)","(X)","(X)","(X)","(X)","(X)","(X)","(X)","(X)","(X)","(X)","(X)","(X)","(X)","(X)","(X)","20.8","11.8","17.3","14.2","24.0","19.1","-","**","-","**","23.0","38.9","0.0","26.5","0.0","49.0","9.5","25.1","24.8","33.9","47.0","45.8","34.6","43.1","(X)","(X)","0.0","12.4","41.3","51.6","44.3","26.4",
"1400000US25025090600","Census Tract 906, Suffolk County, Massachusetts","2601","399","428","148","114","68","314","104","428","148","1845","321","865","236","980","169","470","186","328","172","1502","248","1099","242","236","130","1762","370","6","13","142","127","0","13","287","168","168","161","350","158","150","68","1806","288","453","120","731","239","351","101","271","94","1535","289","1327","268","739","197","588","139","208","119","142","93","66","45","2230","344","923","210","627","167","680","175","215","94","656","245","760","255","1052","316","1261","310","1738","386","1896","387","2029","389","735","231","480","151","255","131","0","13","0","13","79","69","222","132","136","89","109","69","62","37","80","63","47","38","7592","2042","330","151","118","69","287","87","515","201","31","29","13","24","18","16","31","29","301","115","168","105","133","43","199","171","183","170","269","131","246","143","73","48","219","97","6","13","12","29","0","13","105","100","100","144","95","78","47","44","396","181","165","96","148","104","69","49","14","24","154","94","76","83","21","34","55","56","78","53","54","54","24","32","484","197","55","71","60","48","369","179","(X)","(X)","(X)","(X)","(X)","(X)","(X)","(X)","(X)","(X)","(X)","(X)","(X)","(X)","(X)","(X)","339","120","203","105","136","101","0","13","0","13","66","68","80","75","33","30","24","26","47","33","57","60","32","28","(X)","(X)","55","71","40","33","244","88","19.8","7.1","7.2","6.0","11.4","17.8","5.7","5.2","7.2","6.0","16.3","5.4","19.4","10.4","13.6","4.2","42.3","24.2","55.8","27.8","17.9","8.3","22.4","10.9","30.9","18.5","12.4","5.7","100.0","100.0","8.5","22.2","-","**","36.6","20.1","59.5","51.8","27.1","19.3","31.3","27.3","21.9","9.2","36.4","16.7","20.2","13.8","19.7","12.4","5.2","8.8","10.0","6.1","5.7","6.0","2.8","4.5","9.4","9.1","37.5","26.1","38.0","30.8","36.4","42.4","21.7","7.9","6.0","7.4","9.6","7.1","54.3","15.9","(X)","(X)","(X)","(X)","(X)","(X)","(X)","(X)","(X)","(X)","(X)","(X)","(X)","(X)","(X)","(X)","46.1","10.7","42.3","18.9","53.3","19.5","-","**","-","**","83.5","26.8","36.0","32.1","24.3","19.7","22.0","17.4","75.8","25.0","71.3","33.1","68.1","24.3","(X)","(X)","16.7","19.2","33.9","20.3","85.0","10.8",
"1400000US25025090700","Census Tract 907, Suffolk County, Massachusetts","4058","471","449","146","126","89","323","122","449","146","3131","397","1606","285","1525","264","663","175","478","137","1996","301","2062","328","3059","499","293","162","0","13","215","115","0","13","316","220","175","124","525","284","2777","467","3249","355","279","128","795","201","445","123","1730","335","2622","366","2528","374","1405","272","1123","250","94","78","59","60","35","50","3662","419","2103","344","578","194","981","256","84","58","754","262","832","279","883","284","908","289","1138","278","1736","317","2100","349","1766","323","998","263","768","199","0","13","0","13","200","97","959","235","125","65","112","64","151","91","146","79","73","59","4976","1394","1131","296","296","140","339","113","571","243","62","70","0","13","62","70","62","70","399","197","190","99","209","126","128","78","110","78","192","99","379","217","348","211","100","91","0","13","103","103","0","13","9","15","11","19","199","197","204","135","407","168","91","67","178","130","66","58","72","66","156","90","75","52","32","35","43","39","81","70","59","60","22","37","529","219","8","13","117","73","404","210","(X)","(X)","(X)","(X)","(X)","(X)","(X)","(X)","(X)","(X)","(X)","(X)","(X)","(X)","(X)","(X)","299","125","148","88","151","96","0","13","0","13","48","34","76","59","0","13","13","29","77","75","59","54","26","41","(X)","(X)","8","13","105","70","186","101","14.1","5.9","13.8","14.5","0.0","26.7","19.2","19.2","13.8","14.5","12.7","6.2","11.8","6.7","13.7","7.9","19.3","11.2","23.0","14.7","9.6","5.1","18.4","9.7","11.4","6.6","34.1","24.4","-","**","47.9","29.5","-","**","2.8","5.6","6.3","10.0","37.9","25.1","7.3","4.9","12.5","5.3","32.6","21.2","22.4","15.9","14.8","11.4","4.2","3.7","5.9","3.6","3.0","2.1","2.3","2.5","3.8","3.3","86.2","19.6","100.0","42.8","62.9","43.0","14.4","5.9","0.4","0.6","20.2","12.0","41.2","15.2","(X)","(X)","(X)","(X)","(X)","(X)","(X)","(X)","(X)","(X)","(X)","(X)","(X)","(X)","(X)","(X)","16.9","7.3","14.8","8.8","19.7","11.4","-","**","-","**","24.0","18.4","7.9","6.3","0.0","26.8","11.6","25.5","51.0","30.0","40.4","23.5","35.6","49.3","(X)","(X)","0.7","1.2","35.5","20.3","54.9","19.4",
"1400000US25025090901","Census Tract 909.01, Suffolk County, Massachusetts","3219","412","355","106","122","83","233","87","355","106","2635","386","2066","351","569","154","264","107","229","95","1515","287","1704","362","1161","344","447","154","16","30","940","240","0","13","499","195","156","100","928","223","799","286","1478","260","176","59","211","79","330","157","761","192","1391","242","1294","240","650","168","644","183","97","48","58","45","39","25","2909","389","674","184","875","204","1360","245","1105","283","1721","336","1917","346","2052","350","2130","368","2525","398","2663","402","2898","422","1787","321","831","219","956","300","0","13","0","13","1108","301","310","124","92","60","57","45","78","48","80","48","62","40","10590","794","349","122","470","194","968","221","1589","334","183","90","43","45","140","78","183","90","1328","305","1157","291","171","72","78","51","78","51","713","222","876","272","571","246","176","92","16","30","541","173","0","13","226","155","59","68","291","163","506","228","399","121","60","46","118","65","43","39","178","99","383","149","315","133","104","75","211","97","68","48","45","42","23","25","1436","302","22","28","502","178","912","212","(X)","(X)","(X)","(X)","(X)","(X)","(X)","(X)","(X)","(X)","(X)","(X)","(X)","(X)","(X)","(X)","1173","285","485","180","688","261","0","13","0","13","935","279","109","72","11","17","19","31","21","32","53","40","25","26","(X)","(X)","16","26","331","155","826","211","49.4","8.6","51.5","21.1","35.2","30.3","60.1","25.4","51.5","21.1","50.4","9.0","56.0","9.7","30.1","13.0","29.5","19.0","34.1","20.9","47.1","9.7","51.4","10.9","49.2","13.8","39.4","17.6","100.0","82.2","57.6","14.2","-","**","45.3","29.6","37.8","29.4","31.4","18.1","63.3","15.1","27.0","9.1","34.1","22.8","55.9","18.2","13.0","12.2","23.4","12.3","27.5","9.7","24.3","9.3","16.0","10.8","32.8","12.4","70.1","26.2","77.6","32.2","59.0","47.3","49.4","8.4","3.3","3.8","57.4","13.2","67.1","10.5","(X)","(X)","(X)","(X)","(X)","(X)","(X)","(X)","(X)","(X)","(X)","(X)","(X)","(X)","(X)","(X)","65.6","8.4","58.4","11.9","72.0","10.3","-","**","-","**","84.4","7.9","35.2","19.6","12.0","19.8","33.3","43.1","26.9","35.3","66.3","29.5","40.3","37.0","(X)","(X)","4.6","6.9","70.4","13.0","85.3","8.1",
"1400000US25025091001","Census Tract 910.01, Suffolk County, Massachusetts","2772","605","415","236","70","51","345","231","415","236","1955","383","927","227","1028","307","635","280","402","252","1291","298","1481","396","1712","404","393","230","9","16","617","432","0","13","20","29","21","28","144","80","1588","404","2266","444","266","210","394","125","308","120","1298","285","1913","393","1797","385","879","231","918","269","116","85","22","28","94","77","2457","467","1402","228","487","293","568","183","65","77","182","93","487","415","559","417","564","417","827","452","1142","477","1590","568","1183","241","546","140","637","213","0","13","0","13","58","43","599","202","228","109","82","56","80","63","45","30","91","73","N","N","908","215","99","46","176","73","116","78","17","30","0","13","17","30","17","30","76","54","38","39","38","39","23","17","23","17","70","40","46","69","50","44","51","65","0","13","10","11","0","13","3","8","2","5","3","8","50","44","89","58","6","9","33","36","14","15","36","38","59","44","21","22","21","22","0","13","38","44","17","27","21","35","116","78","21","22","4","11","91","78","(X)","(X)","(X)","(X)","(X)","(X)","(X)","(X)","(X)","(X)","(X)","(X)","(X)","(X)","(X)","(X)","82","43","70","40","12","17","0","13","0","13","10","11","28","40","13","19","4","8","4","11","10","8","13","19","(X)","(X)","21","22","4","11","57","44","4.2","2.9","4.1","7.8","0.0","39.3","4.9","9.8","4.1","7.8","3.9","2.7","4.1","3.9","3.7","3.9","3.6","3.2","5.7","5.9","5.4","3.3","3.1","4.6","2.9","2.5","13.0","16.0","0.0","100.0","1.6","2.4","-","**","15.0","46.8","9.5","32.2","2.1","5.3","3.1","2.7","3.9","2.5","2.3","3.7","8.4","8.9","4.5","4.8","2.8","2.8","3.1","2.3","1.2","1.3","2.4","2.6","0.0","4.3","32.8","28.1","77.3","44.5","22.3","29.6","4.7","3.1","1.5","1.7","0.8","2.5","16.0","12.0","(X)","(X)","(X)","(X)","(X)","(X)","(X)","(X)","(X)","(X)","(X)","(X)","(X)","(X)","(X)","(X)","6.9","3.8","12.8","6.9","1.9","2.7","-","**","-","**","17.2","20.7","4.7","6.2","5.7","8.5","4.9","10.7","5.0","12.0","22.2","24.0","14.3","23.7","(X)","(X)","2.3","2.6","4.0","10.8","32.4","26.3",
"1400000US25025091100","Census Tract 911, Suffolk County, Massachusetts","4931","637","547","173","194","153","353","108","547","173","3836","567","2074","369","1762","320","827","216","548","151","2256","394","2675","378","2693","454","343","160","6","18","1320","309","0","13","130","86","439","250","456","181","2525","456","4108","576","457","104","824","311","645","178","2182","379","3366","525","3207","480","1601","289","1606","293","159","102","81","76","78","64","4504","593","2351","419","1099","231","1054","256","286","156","531","226","757","283","870","304","926","308","1585","368","2496","424","3310","589","2280","388","1014","235","1266","287","0","13","0","13","103","75","1194","306","252","124","113","72","311","158","79","47","228","142","7980","1710","1192","240","482","196","606","230","481","221","0","13","0","13","0","13","0","13","471","222","286","159","185","140","161","140","10","14","129","80","352","194","293","157","113","103","0","13","5","7","0","13","32","41","38","43","43","42","284","157","452","222","87","68","123","89","28","32","214","149","166","114","123","97","58","64","65","44","43","57","0","13","43","57","481","221","66","67","109","71","306","186","(X)","(X)","(X)","(X)","(X)","(X)","(X)","(X)","(X)","(X)","(X)","(X)","(X)","(X)","(X)","(X)","460","218","115","78","345","193","0","13","0","13","29","23","249","160","4","5","0","13","168","139","1","3","9","14","(X)","(X)","66","67","109","71","285","182","9.8","4.3","0.0","7.0","0.0","18.5","0.0","10.7","0.0","7.0","12.3","5.4","13.8","6.8","10.5","7.6","19.5","14.5","1.8","2.7","5.7","3.4","13.2","6.5","10.9","5.7","32.9","21.5","0.0","100.0","0.4","0.6","-","**","24.6","30.5","8.7","10.8","9.4","9.7","11.2","6.0","11.0","5.0","19.0","12.9","14.9","10.1","4.3","5.0","9.8","6.3","4.9","3.3","3.8","3.0","3.6","3.9","4.0","2.8","27.0","30.2","0.0","36.4","55.1","43.9","10.7","4.6","2.8","2.9","9.9","5.6","29.0","13.9","(X)","(X)","(X)","(X)","(X)","(X)","(X)","(X)","(X)","(X)","(X)","(X)","(X)","(X)","(X)","(X)","20.2","8.2","11.3","7.2","27.3","12.1","-","**","-","**","28.2","20.6","20.9","10.8","1.6","2.1","0.0","29.0","54.0","25.5","1.3","3.4","3.9","7.6","(X)","(X)","5.5","5.6","22.6","9.3","47.0","20.8",
"1400000US25025091200","Census Tract 912, Suffolk County, Massachusetts","3185","520","609","218","172","113","437","182","600","220","2273","363","917","206","1356","272","484","154","303","117","1877","323","1308","304","1543","291","745","238","12","40","449","399","0","13","161","134","275","191","623","246","1244","264","2467","370","291","104","642","192","473","204","1061","215","2027","337","1898","338","1199","257","699","216","129","76","57","59","72","49","2636","384","1532","275","473","184","631","158","344","209","823","314","835","316","979","330","979","330","1428","453","1663","463","1906","463","1211","253","862","232","349","115","9","15","0","13","24","25","439","153","253","156","147","94","170","113","122","80","47","40","7851","2421","802","234","109","90","300","131","743","320","222","158","64","89","158","123","213","160","451","203","179","114","272","132","99","59","70","55","389","182","354","168","267","153","311","234","0","13","13","14","0","13","21","28","131","168","358","212","89","63","491","194","160","84","173","114","108","87","50","45","234","142","153","116","58","54","95","97","81","67","45","48","36","41","521","204","18","21","165","116","338","141","(X)","(X)","(X)","(X)","(X)","(X)","(X)","(X)","(X)","(X)","(X)","(X)","(X)","(X)","(X)","(X)","240","104","139","80","101","60","9","15","0","13","8","12","42","45","26","29","60","66","34","32","48","47","13","16","(X)","(X)","0","13","39","41","201","91","23.3","9.8","36.5","20.1","37.2","36.7","36.2","24.0","35.5","20.8","19.8","8.8","19.5","11.7","20.1","9.4","20.5","11.6","23.1","14.8","20.7","9.3","27.1","12.5","17.3","9.1","41.7","23.6","0.0","95.0","2.9","5.3","-","**","13.0","22.0","47.6","38.7","57.5","18.8","7.2","5.0","19.9","8.2","55.0","19.2","26.9","16.2","22.8","19.4","4.7","4.2","11.5","7.1","8.1","6.2","4.8","4.5","13.6","12.6","62.8","26.9","78.9","25.4","50.0","36.7","19.8","8.1","1.2","1.4","34.9","21.6","53.6","16.3","(X)","(X)","(X)","(X)","(X)","(X)","(X)","(X)","(X)","(X)","(X)","(X)","(X)","(X)","(X)","(X)","19.8","8.5","16.1","9.0","28.9","15.6","100.0","100.0","-","**","33.3","57.2","9.6","10.2","10.3","11.4","40.8","38.2","20.0","19.8","39.3","25.7","27.7","25.6","(X)","(X)","0.0","4.9","35.8","35.3","67.0","17.9",
"1400000US25025091300","Census Tract 913, Suffolk County, Massachusetts","2759","457","633","252","140","77","493","208","633","252","1903","308","975","209","928","166","413","111","223","68","1266","281","1493","264","213","99","1847","415","81","78","129","84","0","13","248","138","241","175","329","166","192","96","1596","214","363","113","460","141","444","136","329","115","1435","265","1347","263","641","199","706","127","88","52","55","34","33","27","2187","325","854","208","627","138","706","197","305","214","936","445","1140","424","1515","440","1564","437","1971","456","2312","470","2419","456","614","201","328","169","286","83","0","13","0","13","136","111","172","83","74","55","51","49","147","69","14","21","20","16","6724","1697","300","137","196","89","118","58","636","294","186","157","35","40","151","141","186","157","421","196","221","137","200","94","59","45","29","27","228","126","408","217","44","28","397","263","25","45","9","11","0","13","59","51","102","111","71","47","38","28","319","141","97","55","31","29","120","89","71","53","176","84","160","81","49","45","111","66","16","16","16","16","0","13","456","201","0","13","235","109","221","127","(X)","(X)","(X)","(X)","(X)","(X)","(X)","(X)","(X)","(X)","(X)","(X)","(X)","(X)","(X)","(X)","184","78","67","53","117","55","0","13","0","13","58","47","36","32","1","3","22","30","52","48","0","13","15","16","(X)","(X)","0","13","104","63","80","51","23.1","8.6","29.4","19.5","25.0","22.8","30.6","22.2","29.4","19.5","22.1","9.0","22.7","12.9","21.6","8.8","14.3","9.8","13.0","11.4","18.0","8.2","27.3","11.8","20.7","15.7","21.5","11.6","30.9","49.9","7.0","9.9","-","**","23.8","20.1","42.3","39.4","21.6","13.5","19.8","17.1","20.0","8.2","26.7","14.6","6.7","6.8","27.0","16.5","21.6","15.8","12.3","5.8","11.9","5.8","7.6","6.3","15.7","8.9","18.2","18.4","29.1","26.2","0.0","57.3","20.9","8.0","0.0","4.6","37.5","14.0","31.3","13.3","(X)","(X)","(X)","(X)","(X)","(X)","(X)","(X)","(X)","(X)","(X)","(X)","(X)","(X)","(X)","(X)","30.0","9.9","20.4","12.5","40.9","13.6","-","**","-","**","42.6","17.1","20.9","19.1","1.4","3.6","43.1","42.2","35.4","23.2","0.0","87.9","75.0","47.8","(X)","(X)","0.0","12.5","53.1","15.2","67.8","23.8",
"1400000US25025091400","Census Tract 914, Suffolk County, Massachusetts","3327","428","760","181","146","63","614","172","760","181","2167","343","830","233","1337","228","573","164","400","127","1585","285","1742","305","450","140","1682","316","0","13","50","49","0","13","779","259","366","218","1290","329","240","105","2238","310","450","159","741","261","570","189","477","137","1781","290","1600","293","595","153","1005","293","181","77","112","65","69","48","2662","384","986","211","845","257","831","172","268","192","854","288","1200","358","1482","416","1552","418","1975","401","2390","453","2732","438","721","335","367","122","354","256","0","13","0","13","78","154","105","87","76","69","209","114","99","64","78","51","76","55","8128","2771","184","174","206","171","331","106","635","249","139","92","37","33","102","90","139","92","423","180","171","160","252","108","133","72","73","50","352","146","283","130","136","81","235","154","0","13","9","13","0","13","229","137","26","38","302","147","105","72","388","127","145","70","137","85","97","68","9","13","145","111","83","96","19","31","64","87","62","40","37","35","25","21","512","204","28","40","118","167","366","112","(X)","(X)","(X)","(X)","(X)","(X)","(X)","(X)","(X)","(X)","(X)","(X)","(X)","(X)","(X)","(X)","338","179","204","106","134","101","0","13","0","13","74","154","47","37","26","60","78","62","48","49","29","32","36","38","(X)","(X)","13","30","92","165","233","92","19.1","7.1","18.3","11.3","25.3","19.2","16.6","13.5","18.3","11.3","19.5","7.2","20.6","16.2","18.8","7.6","23.2","14.1","18.3","14.4","22.2","9.4","16.2","6.4","30.2","17.5","14.0","9.4","-","**","18.0","14.3","-","**","29.4","15.0","7.1","11.0","23.4","10.0","43.8","22.4","17.3","6.0","32.2","12.1","18.5","12.2","17.0","11.3","1.9","2.6","8.1","5.8","5.2","5.6","3.2","5.2","6.4","7.6","34.3","20.1","33.0","27.1","36.2","29.4","19.2","7.1","2.8","4.0","14.0","18.3","44.0","12.3","(X)","(X)","(X)","(X)","(X)","(X)","(X)","(X)","(X)","(X)","(X)","(X)","(X)","(X)","(X)","(X)","46.9","12.0","55.6","20.0","37.9","15.1","-","**","-","**","94.9","34.6","44.8","46.0","34.2","64.8","37.3","27.3","48.5","36.3","37.2","34.9","47.4","43.1","(X)","(X)","7.1","20.4","44.7","55.3","70.4","16.2",
"1400000US25025091500","Census Tract 915, Suffolk County, Massachusetts","4752","699","1182","386","377","208","805","248","1156","371","3095","452","1407","277","1688","285","697","123","475","100","2205","368","2547","393","1063","416","1990","371","0","13","220","169","0","13","941","376","538","350","1529","523","631","217","3183","411","755","228","955","199","689","205","784","235","2447","398","2051","318","968","207","1083","176","396","145","288","120","108","95","3690","469","1469","265","941","260","1280","269","900","507","1947","622","2056","618","2153","606","2153","606","2928","687","3427","710","3862","729","1179","338","572","204","607","175","0","13","15","24","85","68","409","218","218","146","221","124","129","71","77","43","25","38","7579","1733","529","189","315","168","335","126","1321","567","527","335","201","176","326","205","501","319","710","270","367","178","343","132","114","85","84","76","466","254","855","348","380","328","458","237","0","13","48","52","0","13","130","130","305","277","650","420","125","91","685","254","167","107","228","137","176","93","114","101","331","168","169","100","29","36","140","89","162","112","87","73","75","84","840","303","46","52","248","146","546","237","(X)","(X)","(X)","(X)","(X)","(X)","(X)","(X)","(X)","(X)","(X)","(X)","(X)","(X)","(X)","(X)","414","156","97","90","317","134","0","13","15","24","35","31","133","103","66","81","59","56","56","50","46","41","4","17","(X)","(X)","0","13","165","115","249","120","27.8","9.2","44.6","20.1","53.3","25.6","40.5","22.2","43.3","20.1","22.9","6.8","26.1","9.6","20.3","6.4","16.4","11.0","17.7","14.4","21.1","9.4","33.6","10.6","35.7","21.2","23.0","10.3","-","**","21.8","19.9","-","**","13.8","13.6","56.7","23.5","42.5","19.4","19.8","11.2","21.5","6.4","22.1","11.6","23.9","12.2","25.5","11.9","14.5","11.3","13.5","5.9","8.2","4.7","3.0","3.5","12.9","8.0","40.9","19.7","30.2","19.9","69.4","35.6","22.8","6.4","3.1","3.5","26.4","12.2","42.7","11.8","(X)","(X)","(X)","(X)","(X)","(X)","(X)","(X)","(X)","(X)","(X)","(X)","(X)","(X)","(X)","(X)","35.1","8.7","17.0","13.4","52.2","14.1","-","**","100.0","84.9","41.2","24.6","32.5","15.1","30.3","22.7","26.7","24.4","43.4","31.7","59.7","37.9","16.0","84.0","(X)","(X)","0.0","7.3","52.4","17.2","74.3","16.4",
"1400000US25025091600","Census Tract 916, Suffolk County, Massachusetts","2837","801","540","304","55","72","485","287","540","304","1987","566","783","255","1204","395","422","113","310","101","1530","515","1307","329","498","233","936","404","0","13","627","180","0","13","223","174","553","794","434","249","460","228","1893","350","458","354","515","200","484","189","436","176","1704","449","1623","441","845","306","778","190","81","56","73","56","8","12","2407","668","1320","397","401","141","686","306","11","19","819","265","961","307","1244","269","1253","275","1453","326","2126","838","2417","835","877","204","458","180","419","98","0","13","0","13","61","46","279","142","164","96","89","71","108","64","89","105","87","64","3311","1066","548","184","134","59","195","94","586","245","141","90","21","35","120","96","141","90","341","145","212","121","129","81","104","80","104","80","252","125","334","180","73","73","202","181","0","13","311","237","0","13","0","13","0","13","60","100","73","73","307","135","96","90","145","91","20","34","46","75","183","108","176","113","60","100","116","78","7","16","7","16","0","13","461","187","102","110","81","73","278","136","(X)","(X)","(X)","(X)","(X)","(X)","(X)","(X)","(X)","(X)","(X)","(X)","(X)","(X)","(X)","(X)","236","133","131","106","105","75","0","13","0","13","38","42","55","65","0","13","19","33","20","40","26","67","78","61","(X)","(X)","86","105","7","16","143","89","20.7","10.9","26.1","23.2","38.2","61.8","24.7","24.3","26.1","23.2","17.2","9.3","27.1","15.6","10.7","7.8","24.6","16.8","33.5","21.1","16.5","9.6","25.6","15.0","14.7","11.4","21.6","18.9","-","**","49.6","34.8","-","**","0.0","16.4","0.0","7.0","13.8","21.2","15.9","12.0","16.2","8.0","21.0","23.1","28.2","14.4","4.1","6.8","10.6","14.4","10.7","7.0","10.8","7.7","7.1","11.5","14.9","10.6","8.6","18.7","9.6","20.7","0.0","100.0","19.2","9.7","7.7","8.4","20.2","16.1","40.5","21.9","(X)","(X)","(X)","(X)","(X)","(X)","(X)","(X)","(X)","(X)","(X)","(X)","(X)","(X)","(X)","(X)","26.9","12.3","28.6","18.5","25.1","14.9","-","**","-","**","62.3","38.0","19.7","21.1","0.0","21.4","21.3","33.5","18.5","34.6","29.2","52.5","89.7","20.8","(X)","(X)","15.7","16.3","5.2","12.0","73.3","23.0",
"1400000US25025091700","Census Tract 917, Suffolk County, Massachusetts","3499","633","856","346","244","204","612","195","856","346","2156","325","1074","243","1082","192","607","192","487","179","1741","411","1758","322","269","135","2074","443","21","32","217","128","0","13","315","238","603","484","972","550","148","92","2131","277","576","192","496","155","551","146","508","135","1854","289","1660","271","809","168","851","200","194","109","62","50","132","75","2737","426","1017","212","775","149","945","265","244","150","872","469","1102","493","1470","549","1613","567","2061","623","2645","687","2979","631","446","138","226","95","220","99","0","13","0","13","93","87","138","76","14","20","110","70","39","36","52","34","0","13","9331","2218","201","102","128","64","117","64","692","442","328","317","133","187","195","151","328","317","326","155","125","74","201","103","55","42","38","33","436","319","256","140","107","99","233","154","0","13","34","48","0","13","66","65","252","392","355","403","70","77","263","116","106","79","105","80","49","45","3","6","202","123","127","108","52","36","75","98","75","46","39","36","36","30","410","175","39","62","140","76","231","102","(X)","(X)","(X)","(X)","(X)","(X)","(X)","(X)","(X)","(X)","(X)","(X)","(X)","(X)","(X)","(X)","120","68","78","52","42","36","0","13","0","13","48","40","11","18","3","9","44","47","0","13","14","18","0","13","(X)","(X)","0","13","33","30","87","57","19.8","10.8","38.3","25.1","54.5","44.4","31.9","19.5","38.3","25.1","15.1","6.9","11.6","6.8","18.6","9.0","9.1","6.7","7.8","7.0","25.0","14.5","14.6","7.6","39.8","28.6","11.2","7.1","0.0","71.8","15.7","21.4","-","**","21.0","19.9","41.8","41.2","36.5","27.7","47.3","34.1","12.3","5.5","18.4","12.4","21.2","13.7","8.9","8.2","0.6","1.2","10.9","6.4","7.7","6.2","6.4","4.7","8.8","10.6","38.7","25.9","62.9","43.9","27.3","24.3","15.0","6.2","3.8","5.9","18.1","9.1","24.4","10.4","(X)","(X)","(X)","(X)","(X)","(X)","(X)","(X)","(X)","(X)","(X)","(X)","(X)","(X)","(X)","(X)","26.9","12.6","34.5","20.0","19.1","13.6","-","**","-","**","51.6","50.7","8.0","13.1","21.4","48.5","40.0","32.9","0.0","52.7","26.9","31.7","-","**","(X)","(X)","0.0","17.9","25.8","20.5","74.4","22.8",
"1400000US25025091800","Census Tract 918, Suffolk County, Massachusetts","3563","586","912","229","127","100","785","185","860","234","2205","336","917","181","1288","293","594","222","446","203","1557","379","2006","329","219","119","2339","553","30","42","122","145","0","13","471","308","382","389","495","264","204","114","2243","391","400","154","1104","268","553","213","186","134","1862","340","1624","319","716","238","908","171","238","136","179","130","59","57","2830","440","1180","278","725","181","925","285","659","332","1317","468","1464","478","1675","480","1830","532","2057","582","2808","664","3150","616","758","228","451","189","307","151","20","30","32","40","21","31","175","131","132","111","70","74","222","152","39","37","47","45","7817","1818","334","203","165","103","259","96","1096","435","333","220","51","48","282","193","281","219","535","228","245","137","290","144","267","208","228","195","464","205","632","286","61","55","633","342","0","13","19","42","0","13","265","236","118","133","285","225","46","51","655","254","127","88","317","176","127","108","84","90","343","202","208","141","79","82","129","101","135","107","95","98","40","44","822","288","99","84","209","121","514","210","(X)","(X)","(X)","(X)","(X)","(X)","(X)","(X)","(X)","(X)","(X)","(X)","(X)","(X)","(X)","(X)","333","155","188","114","145","106","20","30","32","40","21","31","52","66","13","21","52","65","100","104","21","33","22","28","(X)","(X)","49","73","92","77","192","105","30.8","10.8","36.5","20.3","40.2","37.2","35.9","20.1","32.7","21.6","24.3","10.2","26.7","14.3","22.5","10.5","44.9","22.0","51.1","26.0","29.8","12.7","31.5","12.3","27.9","25.3","27.1","12.9","0.0","60.1","15.6","38.4","-","**","56.3","27.9","30.9","42.3","57.6","29.1","22.5","25.6","29.2","10.0","31.8","21.9","28.7","13.3","23.0","18.0","45.2","38.1","18.4","10.5","12.8","8.6","11.0","10.4","14.2","11.1","56.7","30.0","53.1","35.9","67.8","52.5","29.0","9.5","8.4","6.8","28.8","14.1","55.6","16.1","(X)","(X)","(X)","(X)","(X)","(X)","(X)","(X)","(X)","(X)","(X)","(X)","(X)","(X)","(X)","(X)","43.9","19.7","41.7","25.4","47.2","24.9","100.0","73.6","100.0","58.2","100.0","71.8","29.7","31.6","9.8","17.2","74.3","49.6","45.0","36.0","53.8","53.8","46.8","53.2","(X)","(X)","14.7","21.4","55.8","28.9","74.1","23.0",
"1400000US25025091900","Census Tract 919, Suffolk County, Massachusetts","4494","796","1258","413","338","151","920","327","1258","413","2779","520","1420","387","1359","240","675","234","457","161","2152","510","2342","438","411","270","3296","720","0","13","142","210","0","13","140","103","505","301","1130","506","153","140","2842","519","368","158","1379","400","592","178","503","208","2397","502","2188","476","988","312","1200","244","209","124","119","101","90","75","3374","566","1528","386","795","216","1051","339","703","395","1281","418","1676","545","1877","611","1952","623","2596","642","3037","659","3219","670","787","365","439","257","348","157","0","13","0","13","0","13","341","222","52","63","104","55","135","120","117","101","38","42","5486","1188","329","174","187","153","271","230","1085","409","485","274","133","108","352","220","485","274","502","216","193","136","309","136","148","179","98","115","443","218","642","249","214","164","649","343","0","13","0","13","0","13","81","101","141","151","484","323","129","140","596","280","137","113","366","219","86","75","7","11","389","177","322","170","75","93","247","120","67","57","17","22","50","53","721","296","77","111","296","150","348","242","(X)","(X)","(X)","(X)","(X)","(X)","(X)","(X)","(X)","(X)","(X)","(X)","(X)","(X)","(X)","(X)","388","265","209","158","179","122","0","13","0","13","0","13","94","92","37","59","70","45","89","96","84","94","14","22","(X)","(X)","52","84","100","80","236","227","24.1","7.9","38.6","14.7","39.3","20.5","38.3","16.6","38.6","14.7","18.1","6.9","13.6","8.3","22.7","9.0","21.9","22.2","21.4","22.4","20.6","9.5","27.4","9.1","52.1","31.2","19.7","8.9","-","**","0.0","24.2","-","**","57.9","50.2","27.9","23.5","42.8","22.1","84.3","25.0","21.0","8.7","37.2","23.5","26.5","13.0","14.5","11.5","1.4","2.4","16.2","6.3","14.7","6.8","7.6","8.2","20.6","9.4","32.1","23.5","14.3","21.9","55.6","38.3","21.4","7.9","5.0","6.9","37.2","14.9","33.1","18.0","(X)","(X)","(X)","(X)","(X)","(X)","(X)","(X)","(X)","(X)","(X)","(X)","(X)","(X)","(X)","(X)","49.3","18.2","47.6","22.5","51.4","21.3","-","**","-","**","-","**","27.6","19.4","71.2","54.4","67.3","25.3","65.9","26.7","71.8","37.5","36.8","60.2","(X)","(X)","15.8","23.4","53.5","23.4","87.1","19.9",
"1400000US25025092000","Census Tract 920, Suffolk County, Massachusetts","5897","758","1182","278","282","172","900","225","1164","280","4057","642","1791","483","2266","382","918","213","658","149","2680","438","3217","527","893","273","3433","554","21","34","927","523","0","19","307","229","316","321","1032","347","480","208","4066","609","860","186","1270","281","892","237","1044","478","3531","600","3168","566","1447","336","1721","446","363","147","152","98","211","109","4897","653","2466","513","1041","310","1390","282","474","317","1306","488","1424","505","1619","518","1862","530","3453","876","4237","845","4981","836","1092","480","579","188","513","376","0","19","18","29","63","44","491","461","101","70","187","80","65","55","108","62","59","45","6494","2183","634","476","161","91","297","121","1045","420","360","249","62","64","298","208","342","248","531","202","168","87","363","160","223","135","154","98","365","147","680","332","283","210","542","318","0","19","158","132","0","19","44","36","18","29","265","213","95","71","574","206","166","96","309","167","88","64","11","15","304","135","190","92","71","58","119","68","114","83","20","23","94","81","730","257","16","30","231","109","483","195","(X)","(X)","(X)","(X)","(X)","(X)","(X)","(X)","(X)","(X)","(X)","(X)","(X)","(X)","(X)","(X)","295","122","177","95","118","63","0","19","18","29","27","31","26","33","0","19","111","61","63","55","43","41","7","17","(X)","(X)","0","19","100","63","195","102","17.7","6.8","30.5","17.5","22.0","22.9","33.1","18.8","29.4","17.8","13.1","5.1","9.4","5.4","16.0","6.1","24.3","13.2","23.4","14.6","13.6","5.3","21.1","9.5","31.7","18.8","15.8","8.4","0.0","71.8","17.0","16.8","-","**","14.3","8.4","5.7","11.8","25.7","18.8","19.8","14.0","14.1","5.1","19.3","10.4","24.3","10.6","9.9","7.0","1.1","1.5","8.6","3.7","6.0","2.9","4.9","3.8","6.9","4.2","31.4","19.0","13.2","14.0","44.5","28.1","14.9","5.1","0.6","1.2","22.2","9.4","34.7","11.4","(X)","(X)","(X)","(X)","(X)","(X)","(X)","(X)","(X)","(X)","(X)","(X)","(X)","(X)","(X)","(X)","27.0","15.5","30.6","15.2","23.0","21.0","-","**","100.0","77.5","42.9","44.8","5.3","10.0","0.0","31.5","59.4","23.6","96.9","9.9","39.8","31.1","11.9","31.3","(X)","(X)","0.0","6.1","62.1","27.3","65.7","17.3",
"1400000US25025092101","Census Tract 921.01, Suffolk County, Massachusetts","6912","894","1115","416","413","191","702","365","1082","409","4846","574","2092","367","2754","472","1309","442","951","383","3512","630","3400","583","1986","404","1653","735","51","76","2153","382","0","19","814","447","255","254","1008","417","1845","394","5297","645","1595","470","1396","376","892","267","1414","307","3961","609","3708","547","2119","489","1589","319","253","160","84","69","169","147","5961","740","2499","412","1549","403","1913","571","265","164","1606","543","1800","541","2597","620","2614","618","3971","845","4703","936","5664","1048","2409","546","1430","394","979","391","0","19","33","54","278","132","597","214","312","196","385","202","389","256","395","291","20","25","6096","1982","1137","274","425","250","847","407","1115","451","188","166","27","47","161","129","155","160","798","372","280","161","518","271","267","191","129","107","478","250","637","262","236","131","268","244","51","76","424","341","0","19","75","100","61","71","177","143","188","108","784","355","449","270","79","74","100","88","156","119","381","213","341","202","149","98","192","132","40","49","35","48","5","11","992","425","30","41","394","277","568","321","(X)","(X)","(X)","(X)","(X)","(X)","(X)","(X)","(X)","(X)","(X)","(X)","(X)","(X)","(X)","(X)","456","248","186","116","270","173","0","19","33","54","72","46","83","72","12","25","21","44","143","114","88","89","4","8","(X)","(X)","8","12","127","103","321","221","16.1","6.4","16.9","13.4","6.5","11.1","22.9","17.6","14.3","13.7","16.5","7.4","13.4","7.6","18.8","9.2","20.4","12.7","13.6","10.2","13.6","7.0","18.7","7.7","11.9","6.6","16.2","13.7","100.0","46.1","19.7","14.2","-","**","9.2","11.0","23.9","22.5","17.6","12.6","10.2","6.0","14.8","6.7","28.2","15.1","5.7","5.5","11.2","9.5","11.0","8.3","9.6","5.4","9.2","5.4","7.0","4.8","12.1","8.0","15.8","20.4","41.7","44.3","3.0","7.7","16.6","6.8","1.2","1.6","25.4","16.0","29.7","12.6","(X)","(X)","(X)","(X)","(X)","(X)","(X)","(X)","(X)","(X)","(X)","(X)","(X)","(X)","(X)","(X)","18.9","9.4","13.0","8.4","27.6","14.9","-","**","100.0","57.3","25.9","13.8","13.9","11.7","3.8","8.8","5.5","11.5","36.8","21.3","22.3","21.6","20.0","48.8","(X)","(X)","0.7","1.1","29.9","25.3","37.9","20.9",
"1400000US25025092200","Census Tract 922, Suffolk County, Massachusetts","3412","696","662","194","253","150","409","142","662","194","2231","467","559","146","1672","451","706","172","519","155","1719","325","1693","440","1214","654","1153","245","2","5","668","271","0","13","301","230","74","66","590","253","1089","649","2462","566","268","110","661","214","694","232","839","290","2125","397","2049","404","1142","290","907","174","76","68","76","68","0","13","2966","563","1369","379","753","141","844","240","152","97","293","153","405","181","580","230","627","236","1062","283","1789","348","2130","347","705","188","448","165","257","102","0","13","0","13","67","36","77","60","114","67","139","84","185","90","79","63","44","30","8357","2148","371","119","105","62","229","95","288","154","39","51","39","51","0","13","39","51","249","131","61","48","188","111","39","36","0","13","147","101","141","80","87","74","102","64","2","5","33","56","0","13","64","80","0","13","113","100","38","34","198","112","57","52","35","32","76","70","30","29","117","93","77","60","21","25","56","46","40","55","40","55","0","13","249","131","38","37","74","77","137","72","(X)","(X)","(X)","(X)","(X)","(X)","(X)","(X)","(X)","(X)","(X)","(X)","(X)","(X)","(X)","(X)","194","114","95","82","99","64","0","13","0","13","29","30","10","16","52","46","37","54","66","46","0","13","0","13","(X)","(X)","19","22","48","64","127","70","8.4","4.6","5.9","7.8","15.4","20.1","0.0","9.3","5.9","7.8","11.2","6.0","10.9","8.7","11.2","6.7","5.5","4.9","0.0","7.4","8.6","5.8","8.3","4.8","7.2","7.8","8.8","5.8","100.0","100.0","4.9","9.1","-","**","21.3","30.0","0.0","38.2","19.2","15.3","3.5","4.0","8.0","4.7","21.3","16.0","5.3","5.3","11.0","9.8","3.6","3.4","5.5","4.5","3.8","3.1","1.8","2.3","6.2","5.2","52.6","46.1","52.6","46.1","-","**","8.4","4.6","2.8","2.8","9.8","10.0","16.2","8.3","(X)","(X)","(X)","(X)","(X)","(X)","(X)","(X)","(X)","(X)","(X)","(X)","(X)","(X)","(X)","(X)","27.5","14.4","21.2","17.2","38.5","18.5","-","**","-","**","43.3","39.6","13.0","21.3","45.6","39.1","26.6","32.5","35.7","18.0","0.0","36.9","0.0","49.6","(X)","(X)","5.1","6.0","45.7","46.6","55.5","18.3",
"1400000US25025092300","Census Tract 923, Suffolk County, Massachusetts","3525","583","849","179","129","66","720","167","843","178","2228","426","993","253","1235","256","555","201","448","160","1618","301","1907","363","301","161","2871","582","21","34","64","68","0","13","135","116","133","124","639","197","196","141","2355","461","370","122","769","224","820","257","396","122","2076","405","1935","396","744","183","1191","292","141","80","65","37","76","62","2808","528","1547","374","565","174","696","167","158","100","773","236","817","253","977","278","1042","284","1955","539","2489","577","2972","595","704","239","342","175","362","141","0","13","6","9","15","24","200","127","80","66","201","172","115","57","43","30","44","27","6251","1530","474","222","85","68","145","55","460","180","198","122","0","13","198","122","192","120","217","99","90","61","127","56","55","32","45","27","241","125","219","98","22","21","403","177","0","13","2","6","0","13","26","33","7","11","157","124","12","14","250","97","53","29","97","65","92","53","8","12","141","67","106","54","19","29","87","53","35","32","15","18","20","26","286","107","30","22","90","46","166","66","(X)","(X)","(X)","(X)","(X)","(X)","(X)","(X)","(X)","(X)","(X)","(X)","(X)","(X)","(X)","(X)","163","88","62","42","101","80","0","13","6","9","0","13","37","54","2","5","34","27","39","33","19","16","26","22","(X)","(X)","24","21","24","29","115","53","13.0","5.5","23.3","14.0","0.0","26.2","27.5","16.5","22.8","14.0","9.7","4.7","9.1","6.3","10.3","4.8","9.9","6.7","10.0","7.1","14.9","7.6","11.5","5.5","7.3","7.4","14.0","6.3","0.0","71.8","3.1","10.6","-","**","19.3","29.1","5.3","8.3","24.6","17.8","6.1","7.5","10.6","4.6","14.3","8.9","12.6","8.5","11.2","7.1","2.0","3.0","6.8","3.5","5.5","3.1","2.6","3.9","7.3","4.8","24.8","23.9","23.1","30.6","26.3","33.4","10.2","4.2","1.9","1.5","15.9","8.4","23.9","9.3","(X)","(X)","(X)","(X)","(X)","(X)","(X)","(X)","(X)","(X)","(X)","(X)","(X)","(X)","(X)","(X)","23.2","13.2","18.1","15.9","27.9","19.5","-","**","100.0","100.0","0.0","84.9","18.5","24.9","2.5","7.4","16.9","21.9","33.9","27.7","44.2","32.8","59.1","29.9","(X)","(X)","5.1","5.0","28.2","35.0","79.3","14.1",
"1400000US25025092400","Census Tract 924, Suffolk County, Massachusetts","6389","1025","1974","432","665","262","1309","369","1974","432","3716","876","1866","588","1850","420","920","203","699","170","2822","657","3567","531","559","345","3783","730","0","19","76","95","0","19","1149","608","822","820","2882","805","46","75","3366","521","645","270","1313","364","944","263","464","225","2906","723","2712","729","1434","514","1278","338","194","124","19","31","175","125","4674","923","1875","588","1268","368","1531","437","461","405","2506","656","2697","670","3092","773","3359","749","4507","819","5371","1112","5418","1091","896","317","443","221","453","212","0","19","0","19","176","180","65","83","53","72","279","207","22","40","157","106","144","104","N","N","497","272","96","80","303","140","2287","653","1156","421","390","241","766","333","1156","421","1012","315","478","215","534","191","166","107","119","93","711","404","1576","392","259","296","1298","690","0","19","42","68","0","19","561","399","127","125","1352","380","1","4","871","267","224","130","276","156","271","172","100","101","691","224","557","199","108","110","449","162","134","111","0","19","134","111","1245","384","165","102","488","217","592","273","(X)","(X)","(X)","(X)","(X)","(X)","(X)","(X)","(X)","(X)","(X)","(X)","(X)","(X)","(X)","(X)","162","106","17","28","145","108","0","19","0","19","16","26","0","19","0","19","52","73","22","40","71","67","1","4","(X)","(X)","0","19","26","34","136","97","35.8","9.3","58.6","15.4","58.6","23.0","58.5","17.4","58.6","15.4","27.2","9.3","25.6","11.9","28.9","10.3","18.0","11.5","17.0","13.1","25.2","12.1","44.2","10.1","46.3","38.5","34.3","14.0","-","**","55.3","53.9","-","**","48.8","30.2","15.5","25.3","46.9","16.9","2.2","13.2","25.9","7.6","34.7","21.0","21.0","11.0","28.7","15.5","21.6","19.0","23.8","8.3","20.5","7.8","7.5","7.7","35.1","12.2","69.1","29.6","0.0","75.5","76.6","26.2","26.6","8.4","8.8","6.4","38.5","14.1","38.7","15.7","(X)","(X)","(X)","(X)","(X)","(X)","(X)","(X)","(X)","(X)","(X)","(X)","(X)","(X)","(X)","(X)","18.1","11.0","3.8","6.7","32.0","21.9","-","**","-","**","9.1","19.3","0.0","40.8","0.0","45.2","18.6","32.7","100.0","70.1","45.2","37.2","0.7","2.8","(X)","(X)","0.0","7.7","27.1","39.9","44.9","24.7",
"1400000US25025100100","Census Tract 1001, Suffolk County, Massachusetts","6915","1114","1739","457","352","189","1387","352","1739","457","4444","863","2350","549","2094","451","875","250","732","238","3006","647","3909","670","362","236","5682","1043","17","27","33","53","0","19","358","358","463","320","1469","465","78","61","4063","701","753","296","1092","309","1496","420","722","239","3678","783","3270","732","1239","397","2031","481","408","214","229","180","179","104","5338","936","2097","577","1550","398","1691","414","689","366","2372","727","2663","718","3794","941","3929","947","4714","1027","5604","1041","6003","1080","767","260","393","195","374","138","0","19","0","19","34","43","149","112","130","101","106","86","148","116","164","95","36","33","6575","1851","200","142","150","98","417","171","1722","663","635","335","110","122","525","250","635","335","943","387","477","221","466","213","232","138","144","88","744","314","978","422","299","232","1237","550","0","19","0","19","0","19","169","268","17","27","566","367","38","44","865","360","304","174","255","129","266","192","40","38","576","350","455","303","94","74","361","303","121","87","41","53","80","69","1201","434","67","108","476","246","658","200","(X)","(X)","(X)","(X)","(X)","(X)","(X)","(X)","(X)","(X)","(X)","(X)","(X)","(X)","(X)","(X)","362","168","215","125","147","98","0","19","0","19","24","39","54","62","0","19","53","69","125","110","90","76","16","25","(X)","(X)","0","19","57","54","305","159","24.9","9.0","36.5","16.6","31.3","27.4","37.9","16.1","36.5","16.6","21.2","8.5","20.3","9.3","22.3","10.1","26.5","15.0","19.7","12.6","24.8","9.7","25.0","9.9","82.6","21.7","21.8","9.1","0.0","79.8","0.0","57.3","-","**","47.2","52.1","3.7","7.2","38.5","21.0","48.7","41.4","21.3","8.6","40.4","20.7","23.4","11.0","17.8","11.8","5.5","4.8","15.7","8.8","13.9","8.7","7.6","5.9","17.8","13.1","29.7","18.7","17.9","23.0","44.7","29.6","22.5","8.0","3.2","5.2","30.7","14.2","38.9","12.4","(X)","(X)","(X)","(X)","(X)","(X)","(X)","(X)","(X)","(X)","(X)","(X)","(X)","(X)","(X)","(X)","47.2","14.6","54.7","22.7","39.3","20.7","-","**","-","**","70.6","55.0","36.2","38.3","0.0","26.0","50.0","44.8","84.5","20.4","54.9","30.4","44.4","47.9","(X)","(X)","0.0","18.0","38.0","33.4","73.1","16.9",
"1400000US25025100200","Census Tract 1002, Suffolk County, Massachusetts","3744","561","955","231","232","110","723","180","955","231","2329","380","980","216","1349","248","665","222","460","214","1846","340","1898","303","398","213","3211","580","0","13","33","47","0","13","18","22","84","67","469","238","77","47","2446","409","523","171","732","159","806","228","385","133","2076","375","1840","335","786","237","1054","186","236","104","181","93","55","40","2870","449","1212","213","817","210","841","186","314","186","1016","294","1152","298","1399","337","1501","359","2079","369","2724","531","3160","496","507","167","258","89","249","122","0","13","0","13","44","47","90","55","79","57","109","71","144","97","5","7","36","29","4969","1344","240","116","173","89","94","55","745","248","371","152","57","43","314","136","371","152","362","115","174","77","188","68","12","12","12","12","414","161","331","112","144","140","562","226","0","13","29","47","0","13","5","12","5","11","132","125","17","22","306","88","69","36","167","76","52","40","18","20","262","93","162","67","53","37","109","55","100","60","74","47","26","27","401","122","65","37","187","94","149","59","(X)","(X)","(X)","(X)","(X)","(X)","(X)","(X)","(X)","(X)","(X)","(X)","(X)","(X)","(X)","(X)","98","48","55","41","43","36","0","13","0","13","0","13","47","40","10","12","29","22","7","10","5","7","0","13","(X)","(X)","21","25","52","41","25","21","19.9","6.8","38.8","13.8","24.6","18.6","43.4","14.9","38.8","13.8","15.5","5.6","17.8","8.6","13.9","5.4","1.8","1.9","2.6","2.9","22.4","8.5","17.4","6.2","36.2","28.4","17.5","7.1","-","**","87.9","41.6","-","**","27.8","65.9","6.0","14.9","28.1","23.6","22.1","30.3","12.5","3.9","13.2","7.3","22.8","10.7","6.5","5.1","4.7","5.3","12.6","4.4","8.8","3.7","6.7","5.2","10.3","5.1","42.4","21.1","40.9","23.2","47.3","38.9","14.0","4.7","5.4","3.3","22.9","10.4","17.7","7.3","(X)","(X)","(X)","(X)","(X)","(X)","(X)","(X)","(X)","(X)","(X)","(X)","(X)","(X)","(X)","(X)","19.3","9.8","21.3","16.4","17.3","12.1","-","**","-","**","0.0","49.6","52.2","32.3","12.7","17.1","26.6","24.7","4.9","8.1","100.0","100.0","0.0","54.8","(X)","(X)","8.8","11.2","30.1","17.6","26.6","25.0",
"1400000US25025100300","Census Tract 1003, Suffolk County, Massachusetts","4230","706","1059","345","320","131","739","314","1059","345","2420","308","1082","217","1338","255","947","372","751","357","1887","450","2343","338","171","123","3723","693","0","13","0","13","0","13","103","122","233","189","325","192","95","102","2764","514","445","217","951","326","940","320","428","165","2239","374","2051","342","861","246","1190","225","188","106","80","57","108","76","3280","547","1385","255","922","218","973","375","565","258","774","282","1035","368","1543","585","1603","560","2569","713","2917","705","3549","687","695","155","298","120","397","138","0","13","0","13","0","13","203","106","89","71","104","62","139","82","80","72","80","65","N","N","279","115","183","89","233","100","736","276","265","150","81","79","184","107","265","150","423","170","175","116","248","95","87","62","48","47","297","135","439","159","43","62","454","194","0","13","0","13","0","13","76","123","163","176","135","121","0","13","375","133","145","86","113","70","117","70","0","13","218","132","103","66","24","39","79","58","115","89","46","51","69","55","493","187","23","39","191","108","279","149","(X)","(X)","(X)","(X)","(X)","(X)","(X)","(X)","(X)","(X)","(X)","(X)","(X)","(X)","(X)","(X)","147","72","51","49","96","60","0","13","0","13","0","13","0","13","20","30","24","37","73","49","30","39","0","13","(X)","(X)","0","13","34","32","113","71","17.4","7.1","25.0","14.3","25.3","21.4","24.9","16.5","25.0","14.3","17.5","7.1","16.2","9.7","18.5","7.4","9.2","7.4","6.4","7.3","15.7","8.1","18.7","7.1","25.1","37.3","12.2","6.0","-","**","-","**","-","**","73.8","47.0","70.0","40.4","41.5","33.4","0.0","32.9","13.6","5.5","32.6","18.8","11.9","8.0","12.4","8.2","0.0","8.9","9.7","5.8","5.0","3.4","2.8","4.5","6.6","4.9","61.2","23.2","57.5","37.1","63.9","29.0","15.0","6.2","1.7","2.9","20.7","10.8","28.7","15.5","(X)","(X)","(X)","(X)","(X)","(X)","(X)","(X)","(X)","(X)","(X)","(X)","(X)","(X)","(X)","(X)","21.2","9.2","17.1","14.0","24.2","13.7","-","**","-","**","-","**","0.0","17.8","22.5","35.1","23.1","31.9","52.5","27.4","37.5","24.3","0.0","36.7","(X)","(X)","0.0","13.3","18.6","16.3","48.5","23.0",
"1400000US25025100400","Census Tract 1004, Suffolk County, Massachusetts","5717","844","1550","407","388","170","1162","396","1511","396","3349","441","1285","253","2064","371","1040","277","818","261","2407","396","3310","632","1338","319","3209","667","5","12","407","303","0","19","240","226","518","388","1437","505","659","220","3720","554","681","237","994","267","780","243","1265","469","3025","375","2767","359","1082","273","1685","303","258","158","164","131","94","74","4389","663","1843","352","1277","285","1269","396","906","516","1763","655","1811","652","1903","638","2143","692","2833","696","3305","726","3618","743","846","220","287","107","559","182","39","46","0","19","68","89","135","80","108","84","56","52","164","109","117","52","159","84","7023","2138","311","126","169","109","366","122","1719","653","812","425","190","134","622","386","773","427","697","257","338","210","359","180","241","111","210","105","791","348","928","353","582","380","610","336","5","12","258","271","0","19","0","19","264","369","839","567","106","69","844","294","345","201","324","168","140","130","35","35","569","255","398","219","108","88","290","188","171","126","77","89","94","74","1040","360","26","36","460","207","554","220","(X)","(X)","(X)","(X)","(X)","(X)","(X)","(X)","(X)","(X)","(X)","(X)","(X)","(X)","(X)","(X)","340","162","143","95","197","117","39","46","0","19","50","73","4","8","13","25","34","47","89","86","49","54","62","62","(X)","(X)","4","9","92","88","244","133","30.1","9.8","52.4","18.4","49.0","24.5","53.5","21.6","51.2","19.5","20.8","7.3","26.3","13.1","17.4","8.5","23.2","11.4","25.7","14.5","32.9","12.6","28.0","9.3","43.5","22.4","19.0","11.1","100.0","100.0","63.4","39.9","-","**","0.0","15.3","51.0","45.7","58.4","25.1","16.1","9.9","22.7","7.7","50.7","20.8","32.6","15.1","17.9","15.1","2.8","3.0","18.8","8.0","14.4","7.5","10.0","7.7","17.2","9.8","66.3","32.3","47.0","44.0","100.0","33.1","23.7","7.9","1.4","2.0","36.0","13.1","43.7","16.5","(X)","(X)","(X)","(X)","(X)","(X)","(X)","(X)","(X)","(X)","(X)","(X)","(X)","(X)","(X)","(X)","40.2","14.7","49.8","24.3","35.2","15.9","100.0","52.7","-","**","73.5","28.1","3.0","6.0","12.0","27.3","60.7","44.4","54.3","36.0","41.9","36.6","39.0","27.8","(X)","(X)","1.3","3.0","54.4","28.6","66.7","19.1",
"1400000US25025100500","Census Tract 1005, Suffolk County, Massachusetts","6727","909","1319","495","380","238","939","335","1319","495","4644","616","1830","418","2814","559","990","326","764","284","2999","548","3728","603","1902","549","3578","828","0","19","647","296","0","19","347","290","253","220","903","276","1434","487","4783","677","806","266","1243","380","1002","299","1732","483","3624","579","3316","571","1426","418","1890","358","308","151","199","127","109","98","5483","674","2156","410","1399","361","1928","458","1121","641","2097","831","2620","947","2675","956","2890","930","3803","837","4394","869","5064","934","1771","587","732","253","1039","522","0","19","0","19","141","134","432","229","257","144","293","168","362","361","133","106","153","135","7337","2393","611","235","290","213","870","396","1898","768","583","427","200","211","383","260","583","427","1131","480","352","197","779","389","246","162","184","144","677","286","1221","559","433","414","1025","588","0","19","397","160","0","19","0","19","43","56","208","206","269","347","1163","473","289","151","357","184","108","90","409","361","414","171","266","125","54","60","212","107","148","122","76","92","72","83","1331","516","79","87","246","146","1006","425","(X)","(X)","(X)","(X)","(X)","(X)","(X)","(X)","(X)","(X)","(X)","(X)","(X)","(X)","(X)","(X)","830","465","323","156","507","406","0","19","0","19","68","73","82","105","28","34","187","138","301","356","75","90","89","100","(X)","(X)","52","78","134","135","644","380","28.2","9.4","44.2","20.5","52.6","32.8","40.8","19.2","44.2","20.5","24.4","9.1","19.2","9.8","27.7","11.2","24.8","12.9","24.1","14.4","22.6","8.5","32.8","11.6","22.8","20.7","28.6","13.7","-","**","61.4","22.9","-","**","0.0","10.9","17.0","20.5","23.0","23.6","18.8","21.6","24.3","8.7","35.9","15.5","28.7","12.4","10.8","8.9","23.6","18.2","11.4","4.7","8.0","4.0","3.8","4.3","11.2","5.7","48.1","26.5","38.2","35.0","66.1","38.2","24.3","8.4","3.7","4.0","17.6","10.9","52.2","15.5","(X)","(X)","(X)","(X)","(X)","(X)","(X)","(X)","(X)","(X)","(X)","(X)","(X)","(X)","(X)","(X)","46.9","14.3","44.1","14.8","48.8","21.7","-","**","-","**","48.2","30.2","19.0","18.9","10.9","15.8","63.8","26.6","83.1","29.6","56.4","43.0","58.2","37.0","(X)","(X)","8.5","12.1","46.2","26.0","74.0","18.5",
"1400000US25025100601","Census Tract 1006.01, Suffolk County, Massachusetts","6063","807","1082","355","458","328","624","234","1082","355","4521","662","2294","556","2227","470","672","224","460","192","2890","478","3173","535","2245","515","1824","532","0","19","1080","369","0","19","110","130","804","520","520","285","2130","513","4684","636","496","256","898","396","1146","358","2144","466","4209","667","3932","678","2051","463","1881","440","277","160","132","86","145","122","5041","649","2669","433","1406","523","966","259","353","294","648","395","947","405","1590","612","1618","612","2426","569","3267","637","4165","764","1798","511","758","349","1040","374","0","19","0","19","125","111","946","384","190","136","374","312","25","34","87","75","51","60","N","N","1022","337","520","348","256","161","579","365","152","210","130","209","22","44","152","210","427","252","390","253","37","42","21","34","0","19","80","83","499","310","139","127","310","240","0","19","0","19","0","19","0","19","130","209","40","80","139","127","421","252","0","19","201","156","83","84","137","116","326","228","202","152","6","12","196","152","124","113","34","53","90","99","427","252","81","102","121","123","225","163","(X)","(X)","(X)","(X)","(X)","(X)","(X)","(X)","(X)","(X)","(X)","(X)","(X)","(X)","(X)","(X)","313","212","7","12","306","212","0","19","0","19","6","12","270","212","0","19","15","25","22","34","0","19","0","19","(X)","(X)","63","87","121","123","129","111","9.5","5.8","14.0","17.5","28.4","38.1","3.5","7.6","14.0","17.5","9.4","5.4","17.0","9.5","1.7","1.9","3.1","5.2","0.0","8.3","2.8","2.9","15.7","9.0","6.2","5.7","17.0","10.9","-","**","0.0","3.6","-","**","0.0","29.6","16.2","24.5","7.7","15.9","6.5","6.1","9.0","5.3","0.0","7.7","22.4","11.8","7.2","7.4","6.4","5.4","7.7","5.2","5.1","3.7","0.3","0.6","10.4","7.4","44.8","26.1","25.8","33.0","62.1","39.4","8.5","4.9","3.0","3.7","8.6","8.3","23.3","15.3","(X)","(X)","(X)","(X)","(X)","(X)","(X)","(X)","(X)","(X)","(X)","(X)","(X)","(X)","(X)","(X)","17.4","10.4","0.9","1.6","29.4","14.5","-","**","-","**","4.8","10.8","28.5","16.2","0.0","18.9","4.0","8.2","88.0","24.1","0.0","34.9","0.0","46.1","(X)","(X)","6.2","8.0","23.3","23.7","50.4","32.8",
"1400000US25025100603","Census Tract 1006.03, Suffolk County, Massachusetts","2051","466","152","81","48","38","104","59","152","81","1746","449","756","198","990","310","244","67","153","40","1062","328","989","186","1681","495","151","110","0","13","152","100","0","13","42","52","25","25","72","60","1648","496","1743","314","93","47","587","269","251","85","812","168","1547","431","1482","369","730","250","752","164","65","72","50","70","15","17","1904","445","1197","281","380","174","327","130","61","53","101","61","101","61","154","78","218","90","419","144","599","163","1110","447","715","169","349","103","366","113","0","13","0","13","13","15","372","120","111","83","109","63","52","34","36","29","22","24","9235","3015","523","130","89","36","103","67","94","60","0","13","0","13","0","13","0","13","90","58","31","39","59","40","4","7","4","7","29","28","65","53","67","52","16","24","0","13","8","13","0","13","0","13","3","6","6","9","64","50","94","60","10","12","35","35","6","8","43","43","34","27","34","27","7","9","27","25","0","13","0","13","0","13","94","60","14","20","20","20","60","52","(X)","(X)","(X)","(X)","(X)","(X)","(X)","(X)","(X)","(X)","(X)","(X)","(X)","(X)","(X)","(X)","77","55","25","27","52","49","0","13","0","13","0","13","23","37","3","6","36","35","15","21","0","13","0","13","(X)","(X)","14","20","12","15","51","48","4.6","2.7","0.0","22.9","0.0","47.5","0.0","30.9","0.0","22.9","5.2","3.1","4.1","5.1","6.0","4.0","1.6","3.2","2.6","5.3","2.7","2.5","6.6","5.2","4.0","3.0","10.6","18.3","-","**","5.3","8.7","-","**","0.0","50.8","12.0","25.4","8.3","14.6","3.9","2.9","5.4","3.1","10.8","14.5","6.0","6.0","2.4","3.0","5.3","4.7","2.2","1.8","2.3","1.9","1.0","1.2","3.6","3.3","0.0","40.8","0.0","46.5","0.0","84.9","4.9","2.9","1.2","1.7","5.3","5.6","18.3","13.2","(X)","(X)","(X)","(X)","(X)","(X)","(X)","(X)","(X)","(X)","(X)","(X)","(X)","(X)","(X)","(X)","10.8","6.6","7.2","6.7","14.2","12.7","-","**","-","**","0.0","91.2","6.2","9.8","2.7","5.5","33.0","21.2","28.8","35.9","0.0","54.8","0.0","70.1","(X)","(X)","2.7","3.9","13.5","18.3","49.5","24.2",
"1400000US25025100700","Census Tract 1007, Suffolk County, Massachusetts","4743","651","1001","257","163","117","838","258","989","259","2951","467","1103","329","1848","325","1014","153","791","114","2408","369","2335","420","4134","584","122","70","0","13","314","202","12","21","29","33","132","98","52","48","4115","584","3269","346","309","131","912","223","675","223","1373","240","2547","372","2387","378","1308","222","1079","238","160","100","116","81","44","45","3859","502","1769","267","990","341","1100","252","66","43","521","249","531","250","728","315","728","315","947","328","1090","335","1772","469","1059","281","536","182","523","183","12","21","0","13","16","24","364","201","167","123","144","106","92","70","130","51","134","64","N","N","533","163","259","172","267","86","336","179","56","49","0","13","56","49","44","45","141","98","30","30","111","80","156","72","139","67","58","50","278","147","114","70","51","43","0","13","149","159","12","21","9","14","1","3","15","22","112","69","259","120","97","88","60","46","52","46","50","58","161","121","107","82","34","41","73","68","54","57","10","14","44","45","312","172","50","51","103","78","159","96","(X)","(X)","(X)","(X)","(X)","(X)","(X)","(X)","(X)","(X)","(X)","(X)","(X)","(X)","(X)","(X)","187","87","29","37","158","78","12","21","0","13","1","3","9","12","0","13","61","68","17","27","49","31","38","29","(X)","(X)","1","3","78","72","108","56","7.1","3.7","5.6","4.8","0.0","21.5","6.7","6.0","4.4","4.4","4.8","3.2","2.7","2.9","6.0","4.2","15.4","7.1","17.6","8.5","2.4","2.1","11.9","6.0","2.8","1.7","41.8","33.5","-","**","47.5","35.6","100.0","95.0","31.0","52.6","0.8","2.1","28.8","40.6","2.7","1.6","7.9","3.5","31.4","23.6","6.6","5.2","7.7","6.6","3.6","4.1","6.3","4.4","4.5","3.2","2.6","3.1","6.8","5.6","33.8","29.4","8.6","12.9","100.0","49.6","8.1","4.3","2.8","2.8","10.4","7.3","14.5","9.0","(X)","(X)","(X)","(X)","(X)","(X)","(X)","(X)","(X)","(X)","(X)","(X)","(X)","(X)","(X)","(X)","17.7","7.0","5.4","7.5","30.2","9.9","100.0","95.0","-","**","6.3","20.4","2.5","3.5","0.0","21.1","42.4","25.2","18.5","26.0","37.7","24.5","28.4","23.3","(X)","(X)","0.2","0.5","30.1","16.2","40.4","16.9",
"1400000US25025100800","Census Tract 1008, Suffolk County, Massachusetts","6269","922","784","233","318","174","466","179","784","233","4267","694","1845","437","2422","457","1429","392","1218","384","2914","608","3355","463","4227","631","1268","464","0","19","179","152","0","19","95","137","500","287","717","386","3725","588","5014","744","179","103","1278","374","1320","420","2237","455","4093","736","3940","727","1751","443","2189","424","153","123","80","90","73","75","5639","914","2994","647","1197","316","1448","381","307","296","914","404","1058","424","1092","423","1114","422","1593","471","2526","723","2870","713","1830","446","675","261","1155","317","0","19","0","19","76","71","534","281","304","181","254","148","120","73","331","180","211","111","7431","2299","1239","378","183","107","408","157","623","356","92","102","31","53","61","74","92","102","380","203","111","100","269","157","198","125","151","112","294","209","329","181","475","333","134","131","0","19","14","22","0","19","0","19","0","19","160","228","315","184","507","279","49","42","287","234","119","85","52","50","240","174","137","112","65","87","72","78","103","101","50","78","53","60","531","287","33","49","113","105","385","215","(X)","(X)","(X)","(X)","(X)","(X)","(X)","(X)","(X)","(X)","(X)","(X)","(X)","(X)","(X)","(X)","250","116","89","78","161","84","0","19","0","19","24","40","19","32","44","51","48","65","33","38","43","40","39","46","(X)","(X)","33","49","31","42","186","101","9.9","5.4","11.7","11.7","9.7","16.2","13.1","14.6","11.7","11.7","8.9","4.8","6.0","5.3","11.1","6.7","13.9","8.4","12.4","9.3","10.1","6.7","9.8","5.3","11.2","7.4","10.6","10.1","-","**","7.8","15.7","-","**","0.0","32.9","0.0","7.7","22.3","27.8","8.5","4.9","10.1","5.4","27.4","27.5","22.5","15.7","9.0","6.4","2.3","2.3","5.9","4.1","3.5","2.8","3.7","4.7","3.3","3.6","67.3","31.7","62.5","58.1","72.6","32.8","9.4","5.0","1.1","1.6","9.4","8.3","26.6","14.0","(X)","(X)","(X)","(X)","(X)","(X)","(X)","(X)","(X)","(X)","(X)","(X)","(X)","(X)","(X)","(X)","13.7","6.2","13.2","11.1","13.9","7.2","-","**","-","**","31.6","49.4","3.6","5.9","14.5","18.3","18.9","27.1","27.5","26.7","13.0","12.7","18.5","21.9","(X)","(X)","2.7","4.0","16.9","21.2","45.6","22.8",
"1400000US25025100900","Census Tract 1009, Suffolk County, Massachusetts","4670","670","950","305","290","191","660","204","950","305","2934","406","1037","317","1897","274","1054","219","786","211","2515","435","2155","365","1208","222","2452","457","126","168","268","146","0","13","257","225","359","377","486","222","963","203","3381","487","369","157","984","231","927","277","1101","260","2743","426","2575","441","1366","263","1209","270","168","92","129","86","39","43","3841","509","1912","368","843","250","1086","236","143","169","400","231","750","300","847","313","847","313","1409","350","1893","404","2850","724","774","214","490","176","284","104","0","13","0","13","53","64","141","87","91","63","105","50","217","136","95","71","72","69","8163","3262","439","161","112","60","223","120","311","217","131","156","75","85","56","86","131","156","162","86","54","59","108","67","55","48","18","23","197","146","114","82","50","45","147","128","0","13","0","13","0","13","106","164","8","11","38","44","50","45","167","92","14","21","68","57","72","51","13","17","54","44","32","31","17","24","15","20","22","32","22","32","0","13","186","101","0","13","47","50","139","91","(X)","(X)","(X)","(X)","(X)","(X)","(X)","(X)","(X)","(X)","(X)","(X)","(X)","(X)","(X)","(X)","78","48","47","45","31","26","0","13","0","13","5","10","0","13","0","13","20","21","50","46","3","7","0","13","(X)","(X)","0","13","15","20","63","48","6.7","4.7","13.8","15.6","25.9","28.6","8.5","12.4","13.8","15.6","5.5","3.1","5.2","5.8","5.7","3.5","5.2","4.6","2.3","2.9","7.8","5.8","5.3","3.9","4.1","3.9","6.0","5.3","0.0","26.7","0.0","13.8","-","**","41.2","45.9","2.2","4.5","7.8","9.4","5.2","5.0","4.9","2.8","3.8","6.5","6.9","5.6","7.8","5.7","1.2","1.6","2.0","1.7","1.2","1.2","1.2","1.8","1.2","1.7","13.1","20.3","17.1","25.3","0.0","52.7","4.8","2.7","0.0","2.1","5.6","6.0","12.8","7.8","(X)","(X)","(X)","(X)","(X)","(X)","(X)","(X)","(X)","(X)","(X)","(X)","(X)","(X)","(X)","(X)","10.1","6.5","9.6","8.9","10.9","10.1","-","**","-","**","9.4","23.3","0.0","24.3","0.0","33.9","19.0","19.3","23.0","21.9","3.2","8.0","0.0","38.8","(X)","(X)","0.0","8.7","13.4","18.4","28.3","21.7",
"1400000US25025101001","Census Tract 1010.01, Suffolk County, Massachusetts","6705","1249","1594","509","597","356","997","315","1594","509","4233","959","1542","544","2691","562","1339","275","878","239","3473","792","3232","688","681","547","5501","1011","0","19","0","19","0","19","48","73","475","372","1280","730","114","113","4919","986","670","284","1866","592","1553","389","830","304","3625","792","3259","748","1767","490","1492","386","366","246","239","211","127","102","5193","998","2233","651","1519","434","1441","445","412","402","1348","745","1875","923","2276","993","2569","929","3278","970","4202","1154","5083","1206","1337","580","774","407","563","267","0","19","0","19","23","38","251","257","417","358","176","147","215","172","74","67","181","128","4293","1524","754","479","263","167","320","190","885","471","408","312","239","210","169","150","408","312","346","193","12","32","334","195","131","114","131","114","289","193","596","341","57","72","828","450","0","19","0","19","0","19","0","19","0","19","57","72","0","19","477","229","54","85","298","205","45","63","80","67","325","192","204","171","74","102","130","115","121","119","44","70","77","82","540","269","36","48","242","183","262","155","(X)","(X)","(X)","(X)","(X)","(X)","(X)","(X)","(X)","(X)","(X)","(X)","(X)","(X)","(X)","(X)","245","155","94","98","151","120","0","19","0","19","0","19","0","19","67","80","53","61","17","47","0","19","108","111","(X)","(X)","10","29","91","95","144","105","13.2","7.0","25.6","17.1","40.0","29.5","17.0","13.3","25.6","17.1","8.2","4.9","0.8","2.1","12.4","7.1","9.8","9.0","14.9","13.7","8.3","5.6","18.4","9.7","8.4","14.0","15.1","7.7","-","**","-","**","-","**","0.0","47.5","0.0","8.1","4.5","6.4","0.0","28.8","9.7","5.3","8.1","12.2","16.0","11.9","2.9","4.0","9.6","8.3","9.0","5.7","6.3","5.4","4.2","6.0","8.7","7.6","33.1","29.1","18.4","32.8","60.6","39.2","10.4","5.6","1.6","2.2","15.9","12.2","18.2","10.5","(X)","(X)","(X)","(X)","(X)","(X)","(X)","(X)","(X)","(X)","(X)","(X)","(X)","(X)","(X)","(X)","18.3","15.5","12.1","13.7","26.8","24.5","-","**","-","**","0.0","68.6","0.0","14.7","16.1","27.7","30.1","33.7","7.9","21.8","0.0","38.2","59.7","36.2","(X)","(X)","1.3","3.9","34.6","31.7","45.0","29.8",
"1400000US25025101002","Census Tract 1010.02, Suffolk County, Massachusetts","6038","878","1423","409","528","208","895","324","1423","409","3742","663","1564","469","2178","413","1172","305","873","249","2165","460","3873","625","585","430","4929","926","0","19","137","218","0","19","226","182","161","115","812","203","373","379","4187","575","621","234","1329","336","1568","410","669","233","3333","612","2937","568","1092","288","1845","438","396","204","198","154","198","133","4801","640","2154","535","1156","291","1491","365","206","130","1643","487","2013","640","2248","687","2294","685","3494","820","4517","764","4963","811","966","232","331","164","635","188","0","19","0","19","13","23","96","99","85","78","313","158","195","97","189","115","75","92","5332","1733","519","184","29","46","418","159","1416","465","499","292","178","112","321","234","499","292","690","214","280","140","410","168","244","141","227","136","328","160","1088","367","302","224","995","411","0","19","0","19","0","19","64","75","55","75","533","222","90","70","841","266","250","140","327","143","219","143","45","72","446","179","326","139","38","45","288","132","120","112","35","47","85","100","954","302","89","82","263","121","602","258","(X)","(X)","(X)","(X)","(X)","(X)","(X)","(X)","(X)","(X)","(X)","(X)","(X)","(X)","(X)","(X)","358","134","85","70","273","128","0","19","0","19","13","23","10","17","42","55","57","64","107","77","82","81","47","59","(X)","(X)","13","23","29","46","316","133","23.5","8.2","35.1","17.4","33.7","17.4","35.9","21.7","35.1","17.4","18.4","7.0","17.9","9.4","18.8","8.5","20.8","11.1","26.0","14.4","15.2","7.5","28.1","9.8","51.6","37.6","20.2","8.7","-","**","0.0","24.9","-","**","28.3","32.5","34.2","40.3","65.6","27.9","24.1","32.4","20.1","6.9","40.3","17.8","24.6","11.3","14.0","8.8","6.7","11.0","13.4","6.1","11.1","5.1","3.5","4.2","15.6","6.9","30.3","25.2","17.7","24.8","42.9","40.5","19.9","7.1","4.1","3.8","22.8","11.0","40.4","13.8","(X)","(X)","(X)","(X)","(X)","(X)","(X)","(X)","(X)","(X)","(X)","(X)","(X)","(X)","(X)","(X)","37.1","11.7","25.7","17.9","43.0","15.0","-","**","-","**","100.0","91.2","10.4","22.7","49.4","48.1","18.2","16.6","54.9","31.2","43.4","35.5","62.7","19.2","(X)","(X)","2.5","4.5","100.0","61.1","75.6","13.9",
"1400000US25025101101","Census Tract 1011.01, Suffolk County, Massachusetts","3741","759","818","236","148","82","670","202","804","236","2334","467","1003","322","1331","247","709","264","589","254","1551","366","2190","507","253","142","3193","759","8","15","0","13","0","13","192","180","95","75","418","242","178","99","2609","611","389","258","669","172","971","340","580","198","1992","376","1728","358","757","252","971","202","264","131","66","67","198","90","3057","652","1206","294","712","188","1139","354","367","209","657","268","858","315","1270","429","1463","455","1961","516","2935","767","3195","785","508","196","129","82","379","172","0","13","14","23","35","40","123","111","68","67","74","68","59","53","41","32","94","62","10568","1581","241","119","62","58","205","120","510","251","117","96","34","54","83","80","103","92","329","201","176","105","153","127","64","51","64","51","209","136","301","156","0","13","353","191","0","13","0","13","0","13","104","145","53","60","107","146","0","13","276","141","59","66","144","79","25","33","48","60","144","86","99","64","33","30","66","58","45","42","0","13","45","42","420","207","0","13","107","66","313","167","(X)","(X)","(X)","(X)","(X)","(X)","(X)","(X)","(X)","(X)","(X)","(X)","(X)","(X)","(X)","(X)","150","104","42","47","108","76","0","13","14","23","35","40","40","48","34","56","0","13","0","13","15","18","12","18","(X)","(X)","0","13","28","32","122","99","13.6","6.7","14.3","11.2","23.0","35.3","12.4","11.2","12.8","11.0","14.1","8.1","17.5","10.1","11.5","8.8","9.0","7.8","10.9","9.6","13.5","8.6","13.7","7.2","0.0","14.6","11.1","6.2","0.0","100.0","-","**","-","**","54.2","45.7","55.8","41.5","25.6","29.0","0.0","20.0","10.6","5.6","15.2","19.2","21.5","10.8","2.6","3.4","8.3","9.0","7.2","4.4","5.7","3.8","4.4","4.3","6.8","6.0","17.0","16.3","0.0","40.5","22.7","19.7","13.7","6.7","0.0","3.3","15.0","8.5","27.5","13.0","(X)","(X)","(X)","(X)","(X)","(X)","(X)","(X)","(X)","(X)","(X)","(X)","(X)","(X)","(X)","(X)","29.5","15.3","32.6","26.6","28.5","14.9","-","**","100.0","87.9","100.0","55.6","32.5","25.5","50.0","50.0","0.0","38.2","0.0","42.8","36.6","36.1","12.8","20.6","(X)","(X)","0.0","15.2","45.2","38.4","59.5","25.5",
"1400000US25025101102","Census Tract 1011.02, Suffolk County, Massachusetts","5380","750","1410","338","348","171","1062","262","1410","338","3327","537","1389","359","1938","321","894","252","643","211","2571","427","2809","472","417","194","4256","579","0","19","0","19","0","19","208","198","499","423","1013","475","91","64","3363","474","788","279","1029","270","995","226","551","241","2995","511","2614","492","1144","291","1470","295","381","185","204","154","177","88","4104","596","1499","319","1587","357","1018","272","537","280","1404","343","1676","404","1896","439","2012","448","3185","703","4079","745","4500","769","892","283","547","207","345","159","0","19","0","19","43","51","77","61","289","150","163","115","242","137","26","33","52","56","7813","2156","370","168","231","138","291","141","1196","331","592","252","218","142","374","168","592","252","551","163","142","88","409","164","126","105","53","47","615","197","581","216","317","199","668","246","0","19","0","19","0","19","140","190","71","46","461","269","40","49","590","164","98","90","313","141","142","67","37","46","356","126","274","119","154","102","120","70","82","69","29","46","53","49","612","170","14","22","315","115","283","126","(X)","(X)","(X)","(X)","(X)","(X)","(X)","(X)","(X)","(X)","(X)","(X)","(X)","(X)","(X)","(X)","348","158","225","140","123","84","0","19","0","19","0","19","18","30","150","103","47","54","96","90","4","10","33","40","(X)","(X)","14","22","147","107","187","113","22.2","5.9","42.0","14.1","62.6","20.7","35.2","14.3","42.0","14.1","16.6","4.9","10.2","6.2","21.1","6.9","14.1","11.3","8.2","8.3","23.9","7.1","20.7","7.6","76.0","20.9","15.7","5.9","-","**","-","**","-","**","67.3","47.1","14.2","17.9","45.5","25.5","44.0","42.6","17.5","5.0","12.4","11.9","30.4","12.2","14.3","6.3","6.7","8.6","11.9","4.0","10.5","4.1","13.5","8.0","8.2","4.7","21.5","18.9","14.2","22.7","29.9","27.6","14.9","4.3","0.9","1.5","19.8","6.8","27.8","12.1","(X)","(X)","(X)","(X)","(X)","(X)","(X)","(X)","(X)","(X)","(X)","(X)","(X)","(X)","(X)","(X)","39.0","12.3","41.1","17.0","35.7","18.8","-","**","-","**","0.0","50.2","23.4","38.7","51.9","22.0","28.8","23.5","39.7","25.6","15.4","39.7","63.5","60.6","(X)","(X)","3.8","6.1","63.6","27.0","64.3","23.5",
"1400000US25025110104","Census Tract 1101.04, Suffolk County, Massachusetts","2178","309","541","160","36","68","505","152","541","160","1404","195","414","214","990","186","382","199","233","200","1015","183","1163","171","878","197","1287","413","0","13","0","13","0","13","13","29","0","13","543","222","511","235","1436","216","246","80","277","185","540","148","373","144","1175","309","1005","361","522","199","483","205","170","66","91","35","79","32","1897","370","488","111","660","330","749","154","137","189","291","187","524","182","1398","358","1513","285","1611","291","1635","301","1635","301","283","120","135","113","148","54","0","13","0","13","71","80","78","62","37","50","42","45","16","28","20","25","19","37","N","N","207","135","29","35","47","61","162","224","73","118","0","13","73","118","73","118","89","111","9","31","80","102","0","13","0","13","89","132","73","100","13","23","149","219","0","13","0","13","0","13","0","13","0","13","99","138","13","23","80","102","9","31","35","56","23","50","13","23","24","44","24","44","13","23","11","38","0","13","0","13","0","13","89","111","13","23","11","38","65","97","(X)","(X)","(X)","(X)","(X)","(X)","(X)","(X)","(X)","(X)","(X)","(X)","(X)","(X)","(X)","(X)","25","51","25","51","0","13","0","13","0","13","0","13","0","13","13","23","12","42","0","13","0","13","0","13","(X)","(X)","13","23","0","13","12","42","7.4","10.1","13.5","19.7","0.0","54.8","14.5","20.7","13.5","19.7","6.3","7.6","2.2","7.4","8.1","9.7","0.0","9.9","0.0","15.7","8.8","12.5","6.3","8.6","1.5","2.5","11.6","16.2","-","**","-","**","-","**","0.0","91.2","-","**","18.2","23.2","2.5","4.1","5.6","7.2","3.7","13.3","12.6","21.3","4.3","8.7","3.5","6.3","2.0","3.8","2.4","4.5","2.5","4.6","2.3","7.9","0.0","20.8","0.0","33.9","0.0","36.9","4.7","5.9","2.7","4.6","1.7","5.9","8.7","12.0","(X)","(X)","(X)","(X)","(X)","(X)","(X)","(X)","(X)","(X)","(X)","(X)","(X)","(X)","(X)","(X)","8.8","17.7","18.5","38.4","0.0","23.4","-","**","-","**","0.0","39.0","0.0","37.2","35.1","64.9","28.6","71.4","0.0","82.3","0.0","73.6","0.0","75.5","(X)","(X)","6.3","11.5","0.0","61.1","25.5","74.5",
"1400000US25025110105","Census Tract 1101.05, Suffolk County, Massachusetts","2934","644","270","121","173","135","97","109","270","121","2516","584","1449","427","1067","367","373","102","148","49","1256","365","1678","386","2070","457","628","488","0","13","116","103","0","13","0","13","120","92","144","117","1926","452","2529","535","49","76","168","153","295","188","2017","474","2406","561","2360","548","1038","312","1322","344","46","46","46","46","0","13","2664","580","1775","436","699","232","190","92","228","138","246","141","246","141","280","159","306","174","495","228","767","269","1358","435","1402","380","717","260","685","184","0","13","0","13","123","90","989","314","36","60","18","29","149","89","87","50","0","13","10873","1703","982","317","336","156","84","64","246","141","0","13","0","13","0","13","0","13","246","141","210","134","36","42","18","30","0","13","119","84","127","84","157","86","0","13","0","13","66","95","0","13","0","13","23","38","0","13","157","86","206","136","0","13","0","13","56","50","150","111","114","109","114","109","33","47","81","71","0","13","0","13","0","13","246","141","0","13","162","116","84","64","(X)","(X)","(X)","(X)","(X)","(X)","(X)","(X)","(X)","(X)","(X)","(X)","(X)","(X)","(X)","(X)","246","141","119","84","127","84","0","13","0","13","40","43","170","129","0","13","18","29","18","30","0","13","0","13","(X)","(X)","0","13","162","116","84","64","8.4","5.0","0.0","13.7","0.0","20.5","0.0","32.4","0.0","13.7","9.8","5.7","14.5","8.8","3.4","4.2","4.8","8.0","0.0","23.4","9.5","6.9","7.6","5.1","7.6","3.9","0.0","6.2","-","**","56.9","53.2","-","**","-","**","19.2","31.9","0.0","23.9","8.2","4.2","8.1","5.5","0.0","47.0","0.0","21.0","19.0","13.0","7.4","5.7","4.7","4.7","4.8","4.8","3.2","4.8","6.1","5.5","0.0","48.5","0.0","48.5","-","**","9.2","5.4","0.0","2.2","23.2","15.7","44.2","30.1","(X)","(X)","(X)","(X)","(X)","(X)","(X)","(X)","(X)","(X)","(X)","(X)","(X)","(X)","(X)","(X)","17.5","9.5","16.6","12.0","18.5","10.5","-","**","-","**","32.5","32.2","17.2","12.0","0.0","54.8","100.0","77.5","12.1","20.6","0.0","34.9","-","**","(X)","(X)","0.0","4.0","48.2","20.9","100.0","35.6",
"1400000US25025110106","Census Tract 1101.06, Suffolk County, Massachusetts","1851","603","220","61","136","71","84","52","220","61","1137","246","448","195","689","180","643","534","494","526","837","413","1014","264","1320","633","194","171","0","13","227","181","0","13","96","179","14","26","213","238","1203","631","1598","582","128","129","536","540","126","92","808","180","1022","242","953","253","349","171","604","210","69","90","61","64","8","39","1653","586","664","210","383","136","606","542","71","73","124","83","163","98","163","98","198","117","661","539","807","560","1268","566","804","262","259","180","545","193","0","13","0","13","33","35","342","159","199","115","52","65","124","84","22","24","32","35","N","N","517","220","199","108","88","66","124","83","0","13","0","13","0","13","0","13","101","78","1","5","100","78","90","76","23","28","1","5","123","82","104","77","3","7","0","13","0","13","0","13","17","28","0","13","17","28","104","77","124","83","22","30","32","51","67","70","3","6","67","70","67","70","0","13","67","70","0","13","0","13","0","13","124","83","0","13","67","70","57","58","(X)","(X)","(X)","(X)","(X)","(X)","(X)","(X)","(X)","(X)","(X)","(X)","(X)","(X)","(X)","(X)","124","83","1","5","123","82","0","13","0","13","0","13","1","5","1","3","32","51","67","70","7","8","16","28","(X)","(X)","0","13","67","70","57","58","6.7","4.5","0.0","16.6","0.0","25.1","0.0","35.6","0.0","16.6","8.9","6.4","0.2","1.2","14.5","11.8","14.0","17.5","4.7","9.9","0.1","0.6","12.1","6.9","7.9","5.3","1.5","4.7","-","**","0.0","16.1","-","**","17.7","82.3","0.0","87.9","8.0","19.4","8.6","6.1","7.8","5.5","17.2","26.4","6.0","12.6","53.2","36.3","0.4","0.8","6.6","6.6","7.0","6.7","0.0","10.8","11.1","8.9","0.0","39.6","0.0","42.1","0.0","100.0","7.5","5.2","0.0","5.8","17.5","18.5","9.4","13.7","(X)","(X)","(X)","(X)","(X)","(X)","(X)","(X)","(X)","(X)","(X)","(X)","(X)","(X)","(X)","(X)","15.4","10.1","0.4","2.1","22.6","11.8","-","**","-","**","0.0","57.3","0.3","1.5","0.5","1.8","61.5","61.5","54.0","43.7","31.8","47.2","50.0","50.0","(X)","(X)","0.0","7.4","33.7","31.1","64.8","35.0",
"1400000US25025110201","Census Tract 1102.01, Suffolk County, Massachusetts","2694","463","785","252","134","95","651","188","785","252","1652","235","536","168","1116","135","421","123","257","79","1154","208","1540","308","651","196","1490","389","0","13","51","53","0","13","395","189","107","83","951","207","368","130","1742","243","328","105","466","151","505","118","443","130","1330","247","1168","190","530","102","638","146","162","111","73","97","89","54","1996","262","979","222","382","104","635","119","120","110","519","144","676","176","764","193","832","184","1275","261","1907","490","2084","487","393","107","207","82","186","70","0","13","0","13","30","41","66","45","14","20","63","46","141","78","55","34","24","22","5292","1691","130","57","107","63","156","78","335","135","105","85","21","28","84","60","105","85","203","78","84","47","119","63","68","48","27","22","129","68","206","96","123","78","160","119","0","13","3","5","0","13","44","43","5","8","162","117","91","71","182","79","29","22","55","45","59","46","39","46","79","46","51","31","7","10","44","29","28","30","4","6","24","28","230","81","27","31","61","47","142","65","(X)","(X)","(X)","(X)","(X)","(X)","(X)","(X)","(X)","(X)","(X)","(X)","(X)","(X)","(X)","(X)","144","73","87","60","57","47","0","13","0","13","30","41","0","13","0","13","7","10","80","60","20","18","7","13","(X)","(X)","9","18","41","42","94","57","12.4","5.4","13.4","11.2","15.7","23.7","12.9","9.6","13.4","11.2","12.3","4.9","15.7","8.9","10.7","5.4","16.2","10.8","10.5","7.8","11.2","6.1","13.4","6.4","18.9","11.7","10.7","7.8","-","**","5.9","13.1","-","**","11.1","12.8","4.7","7.2","17.0","13.0","24.7","18.5","10.4","4.8","8.8","7.6","11.8","10.4","11.7","9.0","8.8","10.2","5.9","3.4","4.4","2.8","1.3","2.0","6.9","4.8","17.3","18.6","5.5","14.8","27.0","27.8","11.5","4.4","2.8","3.1","16.0","11.9","22.4","9.5","(X)","(X)","(X)","(X)","(X)","(X)","(X)","(X)","(X)","(X)","(X)","(X)","(X)","(X)","(X)","(X)","36.6","14.1","42.0","21.0","30.6","19.3","-","**","-","**","100.0","60.1","0.0","40.5","0.0","87.9","11.1","18.0","56.7","27.7","36.4","30.7","29.2","40.8","(X)","(X)","6.9","13.6","38.3","25.4","60.3","21.2",
"1400000US25025110301","Census Tract 1103.01, Suffolk County, Massachusetts","2726","359","539","143","263","130","276","73","539","143","1772","233","584","145","1188","208","542","130","415","119","1167","151","1559","283","1306","225","905","244","21","23","41","27","0","13","197","131","256","192","678","127","1040","191","2029","255","217","80","470","154","481","119","861","191","1698","238","1611","215","750","96","861","184","87","53","38","35","49","41","2248","277","1214","180","500","165","534","134","103","62","235","111","308","112","397","141","397","141","872","215","1240","257","1551","315","574","137","249","83","325","89","0","13","0","13","3","5","154","69","140","96","87","52","39","33","84","54","67","51","7915","2314","375","114","50","38","149","70","228","112","33","30","10","16","23","25","33","30","134","73","51","35","83","56","66","53","61","52","65","57","163","67","113","53","77","97","0","13","0","13","0","13","12","18","26","30","16","26","113","53","166","70","22","27","38","38","74","69","32","28","90","40","78","40","26","28","52","37","12","18","0","13","12","18","215","108","46","33","40","34","129","95","(X)","(X)","(X)","(X)","(X)","(X)","(X)","(X)","(X)","(X)","(X)","(X)","(X)","(X)","(X)","(X)","119","53","18","17","101","49","0","13","0","13","3","5","22","25","21","30","12","18","5","8","16","26","40","43","(X)","(X)","28","30","23","25","68","52","8.4","4.2","6.1","5.7","3.8","6.6","8.3","8.8","6.1","5.7","7.6","4.2","8.7","6.2","7.0","4.5","12.2","8.8","14.7","11.2","5.6","4.8","10.5","4.5","8.7","4.1","8.5","10.5","0.0","71.8","0.0","51.4","-","**","6.1","8.0","10.2","13.7","2.4","3.8","10.9","5.2","8.2","3.5","10.1","11.7","8.1","7.7","15.4","12.7","3.7","3.3","5.3","2.5","4.8","2.7","3.5","3.7","6.0","4.4","13.8","20.7","0.0","53.4","24.5","35.5","9.6","4.8","3.8","2.7","8.0","6.6","24.2","14.2","(X)","(X)","(X)","(X)","(X)","(X)","(X)","(X)","(X)","(X)","(X)","(X)","(X)","(X)","(X)","(X)","20.7","7.9","7.2","6.8","31.1","12.5","-","**","-","**","100.0","100.0","14.3","13.9","15.0","23.2","13.8","17.1","12.8","24.4","19.0","22.2","59.7","38.0","(X)","(X)","7.5","8.2","46.0","34.9","45.6","22.8",
"1400000US25025110401","Census Tract 1104.01, Suffolk County, Massachusetts","4157","565","988","303","334","172","654","177","988","303","2707","365","1066","205","1641","305","778","160","462","109","1942","380","2215","270","1924","377","1504","356","59","87","17","20","0","13","512","267","141","85","1422","378","1499","335","2815","353","284","139","530","139","567","192","1434","288","2275","372","2178","359","1043","212","1135","242","97","62","85","60","12","18","3237","420","1570","254","789","272","878","221","258","186","996","375","1088","347","1267","320","1385","344","1754","391","2000","364","2577","430","628","160","260","103","368","109","0","13","0","13","47","48","221","92","77","54","76","53","91","67","86","59","30","32","6792","2561","374","142","111","69","143","71","775","387","359","310","130","117","229","198","359","310","320","142","141","94","179","72","98","72","96","71","398","200","377","222","208","152","280","320","0","13","0","13","0","13","283","212","4","6","663","387","85","97","341","137","124","105","158","91","32","34","27","26","95","66","77","56","28","36","49","59","18","29","18","29","0","13","451","164","9","18","141","91","301","128","(X)","(X)","(X)","(X)","(X)","(X)","(X)","(X)","(X)","(X)","(X)","(X)","(X)","(X)","(X)","(X)","113","68","25","36","88","63","0","13","0","13","22","37","0","13","35","34","8","13","8","13","38","43","2","5","(X)","(X)","0","13","40","43","73","52","18.6","8.4","36.3","23.9","38.9","25.7","35.0","25.0","36.3","23.9","11.8","5.3","13.2","8.7","10.9","4.4","12.6","8.9","20.8","13.7","20.5","8.3","17.0","9.7","10.8","7.9","18.6","19.5","0.0","42.8","0.0","79.8","-","**","55.3","23.4","2.8","4.3","46.6","20.7","5.7","6.5","12.1","4.7","43.7","26.1","29.8","15.2","5.6","5.9","1.9","1.8","4.2","2.9","3.5","2.5","2.7","3.2","4.3","5.1","18.6","30.1","21.2","33.8","0.0","95.0","13.9","5.0","0.6","1.2","17.9","11.2","34.3","12.5","(X)","(X)","(X)","(X)","(X)","(X)","(X)","(X)","(X)","(X)","(X)","(X)","(X)","(X)","(X)","(X)","18.0","9.8","9.6","14.1","23.9","13.4","-","**","-","**","46.8","53.2","0.0","16.5","45.5","35.4","10.5","18.2","8.8","13.4","44.2","30.7","6.7","16.7","(X)","(X)","0.0","10.1","36.0","32.3","51.0","22.0",
"1400000US25025110403","Census Tract 1104.03, Suffolk County, Massachusetts","5011","581","967","227","304","148","663","187","967","227","3301","432","1045","268","2256","322","940","164","743","143","2507","351","2504","314","3251","546","946","254","0","19","18","21","0","19","306","182","490","255","1252","225","2672","526","3632","382","211","93","661","187","790","247","1970","344","3010","412","2943","414","1562","277","1381","197","67","69","47","64","20","30","4105","434","2152","332","973","234","980","193","77","62","431","163","548","219","676","211","751","227","971","257","1445","312","2137","414","993","227","482","149","511","145","0","19","0","19","73","67","200","115","50","49","211","134","181","80","103","60","175","115","N","N","466","162","291","159","236","125","321","133","71","68","18","23","53","66","71","68","194","100","51","42","143","96","73","63","56","56","105","65","216","104","127","85","70","77","0","19","0","19","0","19","86","69","38","59","160","97","101","78","242","126","57","64","113","89","49","36","23","31","147","101","131","96","32","39","99","94","16","28","0","19","16","28","250","123","13","20","129","98","108","65","(X)","(X)","(X)","(X)","(X)","(X)","(X)","(X)","(X)","(X)","(X)","(X)","(X)","(X)","(X)","(X)","156","103","25","37","131","97","0","19","0","19","0","19","30","38","0","19","99","90","11","18","0","19","16","21","(X)","(X)","0","19","122","102","34","30","6.4","2.7","7.3","6.9","5.9","8.2","8.0","9.5","7.3","6.9","5.9","3.1","4.9","4.2","6.3","4.3","7.8","6.6","7.5","7.6","4.2","2.7","8.6","4.3","3.9","2.7","7.4","7.9","-","**","0.0","77.5","-","**","28.1","20.8","7.8","12.0","12.8","7.4","3.8","3.1","6.7","3.6","27.0","27.8","17.1","13.0","6.2","4.9","1.2","1.6","4.9","3.4","4.5","3.3","2.0","2.6","7.2","6.8","23.9","47.7","0.0","48.0","80.0","52.7","6.1","3.1","0.6","0.9","13.3","9.4","11.0","6.5","(X)","(X)","(X)","(X)","(X)","(X)","(X)","(X)","(X)","(X)","(X)","(X)","(X)","(X)","(X)","(X)","15.7","9.2","5.2","7.7","25.6","16.8","-","**","-","**","0.0","38.5","15.0","18.6","0.0","46.5","46.9","29.7","6.1","10.3","0.0","31.1","9.1","12.4","(X)","(X)","0.0","8.2","41.9","23.0","14.4","13.8",
"1400000US25025110501","Census Tract 1105.01, Suffolk County, Massachusetts","3553","598","651","233","133","74","518","228","651","233","2485","419","870","286","1615","307","730","170","417","91","1620","282","1933","374","3004","577","86","93","0","13","60","62","0","13","215","114","188","123","236","113","2995","578","2715","428","98","56","361","132","610","183","1646","334","2386","400","2326","390","1121","250","1205","215","60","61","23","25","37","47","2919","439","1644","280","791","268","484","102","201","142","328","186","379","193","417","194","441","200","1001","404","1192","418","1805","441","1030","172","486","134","544","131","0","13","0","13","80","80","229","130","299","139","104","64","165","101","115","63","38","37","8712","2155","651","154","175","86","204","96","243","132","0","13","0","13","0","13","0","13","171","106","100","87","71","51","72","42","72","42","130","83","113","72","105","70","3","4","0","13","0","13","0","13","135","129","0","13","135","129","105","70","195","106","4","7","56","51","105","75","30","31","112","78","112","78","29","43","83","56","0","13","0","13","0","13","243","132","0","13","112","78","131","77","(X)","(X)","(X)","(X)","(X)","(X)","(X)","(X)","(X)","(X)","(X)","(X)","(X)","(X)","(X)","(X)","151","83","82","60","69","57","0","13","0","13","29","47","23","34","21","25","29","41","0","13","46","34","3","5","(X)","(X)","0","13","62","56","89","59","6.8","3.7","0.0","6.0","0.0","25.5","0.0","7.4","0.0","6.0","6.9","4.3","11.5","10.1","4.4","3.2","9.9","6.1","17.3","10.0","8.0","5.1","5.8","3.7","3.5","2.2","3.5","8.4","-","**","0.0","42.5","-","**","62.8","43.5","0.0","19.0","57.2","41.1","3.5","2.3","7.2","4.0","4.1","7.1","15.5","14.2","17.2","12.9","1.8","1.8","4.7","3.4","4.8","3.4","2.6","3.7","6.9","4.5","0.0","42.5","0.0","68.6","0.0","54.1","8.3","4.6","0.0","2.4","14.2","11.1","27.1","14.9","(X)","(X)","(X)","(X)","(X)","(X)","(X)","(X)","(X)","(X)","(X)","(X)","(X)","(X)","(X)","(X)","14.7","7.7","16.9","11.5","12.7","9.5","-","**","-","**","36.3","40.7","10.0","15.3","7.0","7.7","27.9","35.5","0.0","21.3","40.0","21.3","7.9","17.0","(X)","(X)","0.0","6.0","35.4","26.4","43.6","22.5",
"1400000US25025110502","Census Tract 1105.02, Suffolk County, Massachusetts","4648","760","963","277","273","145","690","215","963","277","3217","609","1149","508","2068","296","678","121","468","97","2346","666","2302","248","2940","542","606","170","54","78","152","139","0","13","673","394","223","131","1414","415","2304","504","3472","577","317","142","658","181","595","185","1902","481","2931","606","2897","612","1588","532","1309","216","34","29","13","17","21","24","3820","622","2262","591","780","188","778","154","19","25","450","268","456","269","831","324","863","326","1600","441","2334","447","2753","509","999","217","487","164","512","166","0","13","0","13","19","21","340","147","137","71","140","105","220","115","61","47","82","49","2741","1099","702","193","128","83","169","74","235","140","25","38","0","13","25","38","25","38","173","128","40","56","133","88","37","36","37","36","111","82","124","79","55","66","52","49","0","13","0","13","0","13","128","129","0","13","128","129","55","66","170","94","97","87","52","41","21","23","0","13","76","62","76","62","57","59","19","25","0","13","0","13","0","13","235","140","14","23","86","70","135","87","(X)","(X)","(X)","(X)","(X)","(X)","(X)","(X)","(X)","(X)","(X)","(X)","(X)","(X)","(X)","(X)","123","79","63","67","60","42","0","13","0","13","5","11","0","13","26","39","14","23","41","62","16","30","21","25","(X)","(X)","14","23","27","26","82","68","5.1","3.0","2.6","3.8","0.0","13.6","3.6","5.3","2.6","3.8","5.4","4.0","3.5","5.3","6.4","4.2","5.5","5.3","7.9","7.5","4.7","3.7","5.4","3.4","1.9","2.3","8.6","7.9","0.0","44.8","0.0","22.9","-","**","19.0","19.7","0.0","16.4","9.1","9.0","2.4","2.9","4.9","2.8","30.6","20.7","7.9","6.5","3.5","3.9","0.0","2.1","2.6","2.2","2.6","2.2","3.6","4.0","1.5","1.9","0.0","56.4","0.0","91.2","0.0","71.8","6.2","3.7","0.6","1.1","11.0","8.0","17.4","9.7","(X)","(X)","(X)","(X)","(X)","(X)","(X)","(X)","(X)","(X)","(X)","(X)","(X)","(X)","(X)","(X)","12.3","8.2","12.9","13.7","11.7","8.7","-","**","-","**","26.3","44.4","0.0","11.1","19.0","27.6","10.0","15.9","18.6","29.3","26.2","35.2","25.6","26.1","(X)","(X)","2.0","3.3","21.1","22.1","48.5","26.9",
"1400000US25025110601","Census Tract 1106.01, Suffolk County, Massachusetts","3025","366","502","114","129","76","373","114","502","114","1412","232","345","135","1067","157","1438","318","1111","230","1373","220","1652","216","2702","366","8","12","0","13","148","79","0","13","22","25","145","102","220","142","2552","363","2436","355","132","84","195","75","471","200","1638","217","1502","285","1461","291","694","163","767","171","41","46","36","44","5","8","2532","368","1104","277","452","118","976","223","40","44","148","78","155","81","170","89","177","87","334","98","518","145","743","186","800","194","256","167","544","107","0","13","0","13","1","3","46","38","49","48","31","36","71","45","169","97","433","150","6521","2439","198","82","104","66","498","155","101","71","0","13","0","13","0","13","0","13","47","49","7","11","40","44","82","65","54","52","9","11","92","67","72","59","1","2","0","13","28","40","0","13","0","13","0","13","1","3","71","59","94","68","0","13","16","18","68","63","10","16","2","5","2","5","2","5","0","13","0","13","0","13","0","13","101","71","0","13","3","6","98","71","(X)","(X)","(X)","(X)","(X)","(X)","(X)","(X)","(X)","(X)","(X)","(X)","(X)","(X)","(X)","(X)","85","65","3","6","82","65","0","13","0","13","1","3","0","13","1","3","1","2","28","40","0","13","54","52","(X)","(X)","0","13","3","6","82","65","3.3","2.4","0.0","7.7","0.0","26.2","0.0","10.2","0.0","7.7","3.3","3.5","2.0","3.1","3.7","4.1","5.7","4.7","4.9","4.8","0.7","0.8","5.6","4.2","2.7","2.2","12.5","45.9","-","**","18.9","24.9","-","**","0.0","70.1","0.0","23.8","0.5","1.3","2.8","2.4","3.9","2.9","0.0","25.7","8.2","9.9","14.4","13.2","0.6","1.0","0.1","0.3","0.1","0.3","0.3","0.7","0.0","5.1","0.0","51.4","0.0","54.8","0.0","100.0","4.0","2.9","0.0","3.6","0.7","1.3","10.0","6.9","(X)","(X)","(X)","(X)","(X)","(X)","(X)","(X)","(X)","(X)","(X)","(X)","(X)","(X)","(X)","(X)","10.6","8.0","1.2","2.2","15.1","12.0","-","**","-","**","100.0","100.0","0.0","48.5","2.0","6.0","3.2","11.3","39.4","42.1","0.0","20.9","12.5","11.8","(X)","(X)","0.0","18.2","2.9","5.3","16.5","12.2",
"1400000US25025110607","Census Tract 1106.07, Suffolk County, Massachusetts","5049","819","812","217","350","148","462","149","812","217","3693","706","1375","352","2318","488","1047","168","544","104","2320","402","2729","593","4557","793","64","54","0","19","140","88","0","19","137","115","151","113","584","382","4159","807","3820","540","69","69","451","197","492","181","2808","467","3371","666","3247","678","1395","309","1852","503","124","70","34","35","90","69","4366","737","2323","481","1137","352","906","213","22","21","101","67","219","109","235","113","235","113","582","273","1156","366","1791","548","1062","223","364","129","698","169","0","19","0","19","81","75","412","168","234","130","66","52","141","88","38","41","90","76","5150","3228","663","167","257","138","142","84","82","62","0","19","0","19","0","19","0","19","62","52","51","51","11","14","23","32","20","31","29","33","53","52","75","61","5","6","0","19","0","19","0","19","0","19","2","5","2","5","73","61","82","62","2","5","7","9","6","14","67","61","42","49","40","49","0","19","40","49","2","5","2","5","0","19","82","62","0","19","42","49","40","36","(X)","(X)","(X)","(X)","(X)","(X)","(X)","(X)","(X)","(X)","(X)","(X)","(X)","(X)","(X)","(X)","82","62","29","33","53","52","0","19","0","19","0","19","51","51","6","14","0","19","5","6","20","31","0","19","(X)","(X)","0","19","42","49","40","36","1.6","1.3","0.0","4.8","0.0","10.8","0.0","8.3","0.0","4.8","1.7","1.4","3.7","3.6","0.5","0.6","2.2","3.1","3.7","5.5","1.3","1.4","1.9","1.9","1.6","1.4","7.8","12.7","-","**","0.0","24.5","-","**","0.0","24.9","1.3","3.8","0.3","0.9","1.8","1.5","2.1","1.6","2.9","11.3","1.6","2.1","1.2","3.1","2.4","2.2","1.2","1.4","1.2","1.5","0.0","2.8","2.2","2.6","1.6","5.3","5.9","20.1","0.0","34.1","1.9","1.4","0.0","1.7","3.7","4.3","4.4","4.3","(X)","(X)","(X)","(X)","(X)","(X)","(X)","(X)","(X)","(X)","(X)","(X)","(X)","(X)","(X)","(X)","7.7","5.7","8.0","8.8","7.6","7.5","-","**","-","**","0.0","36.4","12.4","11.0","2.6","6.2","0.0","40.5","3.5","4.3","52.6","52.6","0.0","34.1","(X)","(X)","0.0","5.9","16.3","19.5","28.2","24.2",
"1400000US25025120103","Census Tract 1201.03, Suffolk County, Massachusetts","1784","215","344","77","87","43","257","76","344","77","1120","143","307","93","813","139","395","99","320","98","860","142","924","118","1577","220","71","50","0","13","47","32","0","13","36","56","53","46","112","73","1508","212","1422","180","26","30","40","33","113","64","1243","140","1203","163","1181","166","573","120","608","92","22","25","0","13","22","25","1492","180","844","147","408","100","240","89","0","13","16","17","32","33","66","43","81","44","116","56","230","100","327","111","454","93","156","54","298","70","0","13","0","13","0","13","203","81","41","29","43","40","99","42","47","28","21","18","N","N","330","93","88","47","36","24","16","17","0","13","0","13","0","13","0","13","9","13","9","13","0","13","7","10","7","10","16","17","0","13","16","17","0","13","0","13","0","13","0","13","0","13","0","13","7","10","9","13","16","17","7","10","0","13","0","13","9","13","9","13","9","13","9","13","0","13","0","13","0","13","0","13","16","17","0","13","9","13","7","10","(X)","(X)","(X)","(X)","(X)","(X)","(X)","(X)","(X)","(X)","(X)","(X)","(X)","(X)","(X)","(X)","16","17","16","17","0","13","0","13","0","13","0","13","9","13","0","13","0","13","0","13","7","10","0","13","(X)","(X)","0","13","9","13","7","10","0.9","0.9","0.0","11.0","0.0","34.9","0.0","14.4","0.0","11.0","0.8","1.2","2.9","4.3","0.0","4.8","1.8","2.7","2.2","3.3","1.9","2.0","0.0","4.2","1.0","1.1","0.0","39.0","-","**","0.0","48.0","-","**","0.0","54.8","0.0","45.2","6.3","10.7","0.6","0.9","1.1","1.2","26.9","50.5","0.0","52.0","0.0","29.0","0.7","1.1","0.7","1.1","0.8","1.1","1.6","2.3","0.0","6.4","0.0","70.1","-","**","0.0","70.1","1.1","1.1","0.0","4.6","2.2","3.2","2.9","4.5","(X)","(X)","(X)","(X)","(X)","(X)","(X)","(X)","(X)","(X)","(X)","(X)","(X)","(X)","(X)","(X)","3.5","3.7","10.3","11.0","0.0","12.5","-","**","-","**","-","**","4.4","6.5","0.0","51.4","0.0","50.2","0.0","32.0","14.9","22.4","0.0","71.8","(X)","(X)","0.0","11.4","10.2","13.8","19.4","30.0",
"1400000US25025120104","Census Tract 1201.04, Suffolk County, Massachusetts","2429","378","428","194","129","74","299","193","428","194","1752","219","708","149","1044","198","364","128","249","115","1110","209","1319","236","1838","319","215","191","0","13","55","69","0","13","251","210","70","64","382","237","1757","305","1906","247","84","79","187","103","193","87","1442","207","1555","188","1501","179","744","143","757","119","54","40","41","34","13","17","2001","243","1176","170","401","124","424","154","143","151","213","165","248","155","334","183","345","183","442","196","866","339","1097","382","707","161","310","96","397","125","0","13","0","13","57","53","324","110","131","83","28","29","93","61","73","38","1","4","N","N","482","137","147","76","78","41","181","161","38","40","22","33","16","26","38","40","122","102","60","45","62","68","41","59","21","31","55","63","126","104","58","57","103","153","0","13","0","13","0","13","0","13","20","50","58","62","20","24","119","130","42","62","40","59","19","23","18","23","55","47","42","40","0","13","42","40","13","21","8","16","5","13","143","128","0","13","42","40","101","94","(X)","(X)","(X)","(X)","(X)","(X)","(X)","(X)","(X)","(X)","(X)","(X)","(X)","(X)","(X)","(X)","29","28","8","16","21","22","0","13","0","13","9","15","0","13","0","13","17","23","2","5","0","13","1","4","(X)","(X)","0","13","18","22","11","18","7.5","6.3","8.9","9.3","17.1","22.6","5.4","8.2","8.9","9.3","7.0","5.6","8.5","6.2","5.9","6.5","11.3","15.4","8.4","12.3","5.0","5.6","9.6","7.5","3.2","2.9","47.9","45.3","-","**","0.0","44.4","-","**","0.0","14.7","28.6","59.0","15.2","17.0","1.1","1.4","6.2","6.5","50.0","50.0","21.4","26.4","9.8","12.8","1.2","1.6","3.5","3.0","2.8","2.7","0.0","5.2","5.5","5.3","24.1","34.5","19.5","34.5","38.5","61.5","7.1","6.1","0.0","3.3","10.5","9.7","23.8","18.4","(X)","(X)","(X)","(X)","(X)","(X)","(X)","(X)","(X)","(X)","(X)","(X)","(X)","(X)","(X)","(X)","4.1","3.8","2.6","4.9","5.3","5.7","-","**","-","**","15.8","24.8","0.0","11.6","0.0","25.8","60.7","50.0","2.2","5.7","0.0","38.5","100.0","100.0","(X)","(X)","0.0","8.0","12.2","15.2","14.1","21.1",
"1400000US25025120105","Census Tract 1201.05, Suffolk County, Massachusetts","2181","247","398","80","106","51","292","83","398","80","1090","160","176","66","914","154","945","180","693","135","939","115","1242","193","1886","223","101","71","4","9","70","37","0","13","6","10","114","67","77","57","1815","223","1734","194","15","14","138","59","185","75","1396","167","1135","137","1087","133","549","97","538","91","48","50","4","7","44","48","1821","220","853","109","327","80","641","188","108","105","205","149","208","145","293","162","317","165","486","202","551","205","620","212","569","158","135","59","434","142","0","13","0","13","11","16","5","7","65","42","46","39","172","85","166","68","104","47","N","N","190","53","104","49","275","141","195","145","25","31","0","13","25","31","25","31","114","83","10","11","104","83","100","96","56","63","22","28","173","141","178","135","0","13","4","9","9","13","0","13","0","13","4","9","12","13","166","125","166","132","4","9","20","28","26","47","116","87","39","46","6","9","0","13","6","9","33","45","0","13","33","45","170","132","0","13","10","11","160","131","(X)","(X)","(X)","(X)","(X)","(X)","(X)","(X)","(X)","(X)","(X)","(X)","(X)","(X)","(X)","(X)","135","124","16","26","119","121","0","13","0","13","4","6","0","13","3","9","20","32","52","65","16","32","40","36","(X)","(X)","0","13","4","6","131","123","8.9","6.1","6.3","7.3","0.0","30.4","8.6","9.6","6.3","7.3","10.5","7.2","5.7","6.3","11.4","8.4","10.6","9.0","8.1","8.3","2.3","2.9","13.9","9.9","9.4","6.5","0.0","31.5","100.0","100.0","12.9","20.3","-","**","0.0","100.0","3.5","7.5","15.6","19.8","9.1","6.3","9.6","7.0","26.7","57.1","14.5","18.8","14.1","22.8","8.3","5.8","3.4","3.9","0.6","0.9","0.0","7.0","1.1","1.7","68.8","40.9","0.0","100.0","75.0","36.1","9.3","6.6","0.0","4.6","3.1","3.3","25.0","15.2","(X)","(X)","(X)","(X)","(X)","(X)","(X)","(X)","(X)","(X)","(X)","(X)","(X)","(X)","(X)","(X)","23.7","16.7","11.9","17.9","27.4","21.2","-","**","-","**","36.4","18.2","0.0","100.0","4.6","14.0","43.5","52.6","30.2","28.5","9.6","17.0","38.5","24.9","(X)","(X)","0.0","18.9","3.8","5.6","47.6","24.5",
"1400000US25025120201","Census Tract 1202.01, Suffolk County, Massachusetts","4205","569","641","227","373","162","268","90","641","227","3307","513","1721","340","1586","353","321","95","257","88","2296","413","1909","301","2357","369","722","432","13","21","443","188","0","13","404","210","266","143","889","204","1916","319","3260","497","186","80","260","108","517","200","2297","444","2898","412","2801","403","1560","259","1241","263","97","66","67","64","30","27","3570","500","2276","357","816","289","478","127","392","270","876","414","998","397","1105","392","1166","424","1757","530","2084","526","2400","579","2016","474","1119","347","897","251","0","13","0","13","220","133","944","296","475","274","130","96","80","40","45","36","122","71","7943","1484","1224","337","528","270","264","113","525","282","16","25","0","13","16","25","16","25","421","265","168","95","253","241","88","61","88","61","286","245","239","105","141","87","157","230","0","13","146","107","0","13","55","54","26","28","134","77","74","49","483","276","77","49","28","26","49","58","329","254","114","76","105","75","62","59","43","39","9","15","0","13","9","15","509","277","24","26","267","243","218","109","(X)","(X)","(X)","(X)","(X)","(X)","(X)","(X)","(X)","(X)","(X)","(X)","(X)","(X)","(X)","(X)","492","275","270","242","222","103","0","13","0","13","26","27","142","91","206","236","25","26","5","7","0","13","88","61","(X)","(X)","24","26","267","243","201","106","12.5","6.2","2.5","4.3","0.0","10.2","6.0","9.6","2.5","4.3","12.7","7.0","9.8","5.0","16.0","13.3","27.4","17.6","34.2","21.1","12.5","9.6","12.5","5.1","6.0","3.7","21.7","29.0","0.0","91.2","33.0","19.5","-","**","13.6","14.8","9.8","11.2","15.1","9.2","3.9","2.6","14.8","7.3","41.4","23.9","10.8","10.6","9.5","10.2","14.3","9.4","3.9","2.6","3.7","2.6","4.0","3.6","3.5","3.2","9.3","18.0","0.0","40.2","30.0","45.2","14.3","6.8","1.1","1.2","32.7","21.9","45.6","17.3","(X)","(X)","(X)","(X)","(X)","(X)","(X)","(X)","(X)","(X)","(X)","(X)","(X)","(X)","(X)","(X)","24.4","11.2","24.1","17.5","24.7","10.1","-","**","-","**","11.8","12.8","15.0","8.5","43.4","33.3","19.2","22.4","6.3","9.0","0.0","49.0","72.1","26.4","(X)","(X)","2.0","2.3","50.6","27.2","76.1","18.3",
"1400000US25025120301","Census Tract 1203.01, Suffolk County, Massachusetts","4955","535","787","246","229","131","558","180","743","247","3804","440","1803","328","2001","250","680","127","364","96","2441","391","2514","307","2674","378","919","296","0","19","271","149","0","19","730","428","361","171","1201","448","2430","369","3870","456","183","100","557","170","622","230","2508","389","3466","434","3335","427","1600","308","1735","258","131","88","96","71","35","47","4294","461","2602","383","1072","204","620","200","310","118","838","231","912","233","1076","264","1121","276","1595","386","2401","430","2835","449","2409","399","1159","281","1250","225","0","19","44","63","240","100","882","230","420","152","237","132","371","151","202","83","13","21","6346","1305","1372","255","629","183","408","192","746","212","140","108","0","19","140","108","96","101","526","192","202","81","324","166","138","76","80","50","380","143","366","127","348","116","168","113","0","19","45","49","0","19","87","94","98","76","239","173","268","107","550","173","71","62","196","124","195","148","88","58","275","193","241","170","68","81","173","117","34","48","28","46","6","10","696","202","13","22","354","155","329","148","(X)","(X)","(X)","(X)","(X)","(X)","(X)","(X)","(X)","(X)","(X)","(X)","(X)","(X)","(X)","(X)","611","216","343","145","268","109","0","19","44","63","56","39","146","76","120","115","71","80","122","96","39","35","13","21","(X)","(X)","13","22","294","149","304","151","15.1","4.1","17.8","12.4","0.0","16.0","25.1","17.1","12.9","12.3","13.8","4.8","11.2","4.7","16.2","7.6","20.3","10.2","22.0","14.1","15.6","5.7","14.6","4.8","13.0","3.8","18.3","12.1","-","**","16.6","17.8","-","**","11.9","13.4","27.1","18.9","19.9","13.4","11.0","3.9","14.2","4.2","38.8","27.1","35.2","18.2","31.4","17.2","3.5","2.3","7.9","5.2","7.2","4.9","4.3","4.9","10.0","6.2","26.0","31.7","29.2","42.2","17.1","48.8","16.2","4.4","0.5","0.9","33.0","12.5","53.1","14.7","(X)","(X)","(X)","(X)","(X)","(X)","(X)","(X)","(X)","(X)","(X)","(X)","(X)","(X)","(X)","(X)","25.4","6.9","29.6","10.4","21.4","7.3","-","**","100.0","49.6","23.3","11.7","16.6","8.2","28.6","22.6","30.0","30.0","32.9","18.7","19.3","16.0","100.0","91.2","(X)","(X)","0.9","1.7","46.7","17.0","74.5","13.1",
"1400000US25025120400","Census Tract 1204, Suffolk County, Massachusetts","6280","799","701","189","491","168","210","109","701","189","4745","714","1930","609","2815","520","1314","293","834","165","2690","480","3590","537","4960","708","419","287","10","23","269","153","0","19","58","70","564","283","611","314","4554","673","5295","700","181","98","320","211","579","264","4215","659","4231","700","4069","689","1817","378","2252","488","162","125","46","54","116","85","5627","725","3209","644","1346","318","1072","278","131","97","425","203","596","227","759","241","804","235","1055","266","1604","348","2285","460","2991","642","1243","346","1748","466","0","19","0","19","199","129","1265","567","404","235","242","127","483","215","237","118","161","103","5850","2318","1959","604","546","203","486","173","357","172","0","19","0","19","0","19","0","19","263","156","172","135","91","75","128","84","94","76","189","131","168","100","257","123","61","93","10","23","0","19","0","19","0","19","29","48","123","113","221","112","306","159","67","55","49","63","90","100","100","83","53","45","53","45","12","19","41","39","0","19","0","19","0","19","357","172","12","19","124","107","221","120","(X)","(X)","(X)","(X)","(X)","(X)","(X)","(X)","(X)","(X)","(X)","(X)","(X)","(X)","(X)","(X)","357","172","189","131","168","100","0","19","0","19","51","49","121","113","0","19","36","54","55","50","29","33","65","70","(X)","(X)","12","19","124","107","221","120","5.7","2.7","0.0","5.5","0.0","7.8","0.0","17.3","0.0","5.5","5.5","3.2","8.9","6.6","3.2","2.8","9.7","6.8","11.3","9.8","7.0","4.3","4.7","2.9","5.2","2.6","14.6","17.9","100.0","100.0","0.0","13.8","-","**","0.0","43.2","5.1","7.9","20.1","16.0","4.9","2.5","5.8","3.0","37.0","30.8","15.3","21.6","15.5","13.3","2.4","2.0","1.3","1.1","1.3","1.1","0.7","1.0","1.8","1.7","0.0","21.7","0.0","48.5","0.0","28.4","6.3","3.0","0.4","0.6","9.2","7.5","20.6","12.1","(X)","(X)","(X)","(X)","(X)","(X)","(X)","(X)","(X)","(X)","(X)","(X)","(X)","(X)","(X)","(X)","11.9","5.7","15.2","9.0","9.6","6.0","-","**","-","**","25.6","22.3","9.6","8.9","0.0","9.4","14.9","20.6","11.4","10.6","12.2","13.9","40.4","41.2","(X)","(X)","0.6","1.0","22.7","17.5","45.5","25.1",
"1400000US25025120500","Census Tract 1205, Suffolk County, Massachusetts","2848","379","378","113","155","66","223","96","378","113","2086","223","1319","202","767","145","420","252","384","264","1324","230","1524","328","1763","386","280","182","10","11","153","83","0","13","494","166","148","82","1184","348","1295","276","2226","332","365","261","378","107","242","79","1241","187","1804","233","1665","224","782","165","883","150","139","62","101","61","38","37","2477","344","1266","150","610","153","601","269","289","98","515","116","632","151","724","162","767","163","1090","222","1349","240","1829","293","1373","330","588","131","785","291","0","13","0","13","94","45","756","179","63","44","128","51","47","43","50","25","235","258","8445","1208","675","148","253","77","445","269","478","114","56","36","18","29","38","24","56","36","363","101","221","86","142","58","59","37","59","37","223","76","255","81","210","94","27","24","5","8","41","28","0","13","170","79","25","25","270","93","156","81","366","90","75","46","89","48","68","49","134","57","147","69","99","56","17","16","82","45","48","40","48","40","0","13","422","104","10","15","147","61","265","84","(X)","(X)","(X)","(X)","(X)","(X)","(X)","(X)","(X)","(X)","(X)","(X)","(X)","(X)","(X)","(X)","329","105","163","73","166","74","0","13","0","13","34","22","165","68","31","34","26","28","20","28","22","25","31","31","(X)","(X)","10","15","109","50","210","83","16.8","4.6","14.8","9.8","11.6","17.7","17.0","12.9","14.8","9.8","17.4","4.8","16.8","6.0","18.5","7.4","14.0","12.8","15.4","15.9","16.8","5.5","16.7","6.1","11.9","5.8","9.6","11.9","50.0","50.0","26.8","20.6","-","**","34.4","17.5","16.9","18.5","22.8","9.8","12.0","6.1","16.4","4.4","20.5","23.4","23.5","12.6","28.1","17.9","10.8","4.4","8.1","3.8","5.9","3.3","2.2","2.1","9.3","4.9","34.5","23.2","47.5","29.9","0.0","53.4","17.0","4.7","0.8","1.2","24.1","10.3","44.1","22.5","(X)","(X)","(X)","(X)","(X)","(X)","(X)","(X)","(X)","(X)","(X)","(X)","(X)","(X)","(X)","(X)","24.0","8.0","27.7","8.5","21.1","11.3","-","**","-","**","36.2","16.7","21.8","8.1","49.2","38.1","20.3","20.2","42.6","47.7","44.0","37.6","13.2","25.1","(X)","(X)","1.5","2.3","43.1","15.7","47.2","33.5",
"1400000US25025120600","Census Tract 1206, Suffolk County, Massachusetts","2672","515","271","115","130","63","141","89","271","115","2175","471","1207","349","968","271","482","275","226","121","1413","320","1259","298","1874","446","363","263","0","13","96","41","0","13","219","250","120","67","499","337","1641","387","2226","480","89","93","257","251","184","81","1696","408","2099","479","2076","477","976","307","1100","298","23","35","0","13","23","35","2410","491","1492","348","658","303","260","139","25","28","64","63","167","129","241","143","252","143","589","227","870","297","1178","338","1019","303","535","261","484","142","0","13","0","13","74","65","601","229","158","95","57","60","66","60","59","45","4","8","N","N","664","192","254","247","101","85","64","63","0","13","0","13","0","13","0","13","64","63","64","63","0","13","0","13","0","13","57","62","7","8","64","63","0","13","0","13","0","13","0","13","0","13","0","13","0","13","64","63","61","63","35","56","7","12","0","13","19","18","7","8","7","8","0","13","7","8","0","13","0","13","0","13","64","63","0","13","14","15","50","61","(X)","(X)","(X)","(X)","(X)","(X)","(X)","(X)","(X)","(X)","(X)","(X)","(X)","(X)","(X)","(X)","64","63","57","62","7","8","0","13","0","13","3","5","61","63","0","13","0","13","0","13","0","13","0","13","(X)","(X)","0","13","14","15","50","61","2.4","2.4","0.0","13.7","0.0","26.0","0.0","24.3","0.0","13.7","2.9","2.9","5.3","5.6","0.0","4.0","0.0","8.0","0.0","16.2","4.0","4.5","0.6","0.7","3.4","3.4","0.0","10.4","-","**","0.0","32.7","-","**","0.0","16.6","0.0","27.7","0.0","7.7","3.9","3.9","2.7","2.9","39.3","57.2","2.7","6.7","0.0","19.4","1.1","1.2","0.3","0.4","0.3","0.4","0.0","4.0","0.6","0.8","0.0","68.6","-","**","0.0","68.6","2.7","2.7","0.0","2.6","2.1","2.6","19.2","22.5","(X)","(X)","(X)","(X)","(X)","(X)","(X)","(X)","(X)","(X)","(X)","(X)","(X)","(X)","(X)","(X)","6.3","5.9","10.7","11.8","1.4","1.7","-","**","-","**","4.1","8.3","10.1","10.6","0.0","22.1","0.0","43.6","0.0","40.5","0.0","42.8","0.0","100.0","(X)","(X)","0.0","5.8","5.5","9.0","49.5","45.0",
"1400000US25025120700","Census Tract 1207, Suffolk County, Massachusetts","2239","397","454","239","241","117","213","219","454","239","1415","183","753","172","662","164","404","87","370","83","863","167","1376","329","1476","268","148","89","149","189","344","200","0","13","78","78","44","39","327","208","1388","272","1606","192","84","63","43","34","161","93","1318","181","1446","181","1414","182","539","95","875","153","32","22","27","23","5","9","1803","214","998","166","487","115","318","77","58","60","138","105","155","108","241","120","250","115","449","169","731","236","1056","264","877","146","278","84","599","134","0","13","0","13","165","96","295","90","89","48","58","43","96","49","116","62","58","37","6398","1000","445","89","289","101","143","70","123","110","0","13","0","13","0","13","0","13","84","68","65","67","19","17","39","52","39","52","48","53","75","68","69","102","28","33","0","13","15","16","0","13","11","12","0","13","25","25","55","100","65","55","18","17","0","13","34","52","13","14","73","68","67","68","6","10","61","67","6","9","6","9","0","13","123","110","0","13","73","68","50","55","(X)","(X)","(X)","(X)","(X)","(X)","(X)","(X)","(X)","(X)","(X)","(X)","(X)","(X)","(X)","(X)","109","109","41","52","68","67","0","13","0","13","58","67","7","11","6","9","6","10","0","13","32","51","0","13","(X)","(X)","0","13","73","68","36","51","5.5","4.9","0.0","8.4","0.0","15.2","0.0","17.0","0.0","8.4","5.9","4.6","8.6","8.3","2.9","2.8","9.7","12.4","10.5","13.2","5.6","6.0","5.5","4.9","4.7","6.7","18.9","21.2","0.0","23.2","4.4","5.4","-","**","14.1","23.9","0.0","49.6","7.6","8.9","4.0","7.1","4.0","3.4","21.4","25.6","0.0","50.2","21.1","26.7","1.0","1.1","5.0","4.5","4.7","4.7","1.1","1.9","7.0","7.3","18.8","27.2","22.2","36.2","0.0","100.0","6.8","5.9","0.0","3.9","15.0","13.0","15.7","15.6","(X)","(X)","(X)","(X)","(X)","(X)","(X)","(X)","(X)","(X)","(X)","(X)","(X)","(X)","(X)","(X)","12.4","11.4","14.7","16.6","11.4","10.5","-","**","-","**","35.2","31.9","2.4","3.7","6.7","10.7","10.3","16.1","0.0","32.7","27.6","34.7","0.0","43.2","(X)","(X)","0.0","8.6","25.3","20.8","25.2","28.8",
"1400000US25025130101","Census Tract 1301.01, Suffolk County, Massachusetts","6691","987","1388","464","566","195","822","480","1388","464","4358","590","1505","356","2853","513","1464","230","945","152","3350","543","3341","568","5334","1011","246","225","19","28","615","228","0","19","174","124","303","159","358","184","5194","1003","5003","612","178","113","760","269","679","218","3386","639","4230","570","4018","556","1966","369","2052","483","212","114","111","79","101","76","5432","621","3193","601","1200","338","1039","220","203","216","260","229","318","233","538","274","690","301","1248","444","1907","494","2397","544","1746","348","896","305","850","207","0","19","0","19","126","133","467","303","269","141","306","109","271","121","197","108","110","75","N","N","1087","322","383","195","276","129","231","222","6","11","6","11","0","19","6","11","225","220","111","128","114","106","0","19","0","19","119","110","112","123","185","215","28","43","0","19","0","19","0","19","0","19","18","27","0","19","185","215","142","116","0","19","51","73","12","20","79","65","133","147","133","147","50","56","83","118","0","19","0","19","0","19","225","220","22","36","111","128","92","87","(X)","(X)","(X)","(X)","(X)","(X)","(X)","(X)","(X)","(X)","(X)","(X)","(X)","(X)","(X)","(X)","202","216","101","106","101","121","0","19","0","19","83","118","28","43","18","27","73","95","0","19","0","19","0","19","(X)","(X)","22","36","111","128","69","78","3.5","3.3","0.4","0.8","1.1","1.9","0.0","4.7","0.4","0.8","5.2","4.9","7.4","8.6","4.0","3.6","0.0","2.7","0.0","4.1","3.6","3.3","3.4","3.6","3.5","4.0","11.4","20.1","0.0","75.5","0.0","6.3","-","**","0.0","20.4","5.9","8.3","0.0","10.6","3.6","4.1","2.8","2.3","0.0","20.0","6.7","9.9","1.8","2.9","2.3","1.9","3.1","3.5","3.3","3.7","2.5","3.0","4.0","5.6","0.0","17.1","0.0","29.4","0.0","31.5","4.1","4.0","0.7","1.2","9.3","10.5","8.9","7.8","(X)","(X)","(X)","(X)","(X)","(X)","(X)","(X)","(X)","(X)","(X)","(X)","(X)","(X)","(X)","(X)","11.6","11.8","11.3","12.5","11.9","13.0","-","**","-","**","65.9","45.2","6.0","10.1","6.7","9.6","23.9","27.0","0.0","13.7","0.0","18.3","0.0","29.6","(X)","(X)","2.0","3.4","29.0","31.5","25.0","23.4",
"1400000US25025130200","Census Tract 1302, Suffolk County, Massachusetts","4814","648","1085","348","267","121","818","320","1085","348","2870","343","842","157","2028","336","1195","182","859","96","2291","275","2523","470","4058","414","92","76","28","41","166","115","0","13","63","72","407","486","524","468","3947","387","3542","354","102","68","398","135","449","123","2593","363","2861","369","2734","369","1297","253","1437","194","127","60","103","55","24","26","3893","433","2187","360","769","127","937","178","169","148","374","195","422","197","452","197","519","192","818","254","972","255","1343","270","878","247","466","205","412","125","0","13","0","13","21","23","205","87","58","43","99","84","268","166","130","61","97","54","7673","1896","559","213","123","71","196","80","336","189","66","55","11","19","55","50","66","55","200","152","13","20","187","151","70","63","70","63","211","153","125","78","287","176","2","4","0","13","0","13","0","13","16","25","31","51","16","25","287","176","270","166","46","59","45","45","21","26","158","144","158","145","132","139","95","134","37","38","26","30","26","30","0","13","270","166","93","134","61","50","116","73","(X)","(X)","(X)","(X)","(X)","(X)","(X)","(X)","(X)","(X)","(X)","(X)","(X)","(X)","(X)","(X)","215","158","152","145","63","55","0","13","0","13","0","13","13","20","22","29","19","23","91","135","26","41","44","52","(X)","(X)","93","134","24","29","98","69","7.0","3.8","6.1","5.2","4.1","7.4","6.7","6.5","6.1","5.2","7.0","5.1","1.5","2.4","9.2","7.0","5.9","5.2","8.1","7.3","9.2","6.2","5.0","3.1","7.1","4.2","2.2","4.8","0.0","62.2","0.0","21.2","-","**","25.4","51.4","7.6","20.9","3.1","6.3","7.3","4.3","7.6","4.5","45.1","44.1","11.3","11.4","4.7","5.6","6.1","5.4","5.5","4.9","4.8","4.9","7.3","9.7","2.6","2.7","20.5","20.2","25.2","23.6","0.0","67.2","6.9","4.1","4.3","5.9","7.9","6.5","12.4","8.2","(X)","(X)","(X)","(X)","(X)","(X)","(X)","(X)","(X)","(X)","(X)","(X)","(X)","(X)","(X)","(X)","24.5","14.0","32.6","22.8","15.3","12.2","-","**","-","**","0.0","71.8","6.3","9.4","37.9","38.0","19.2","20.6","34.0","36.1","20.0","26.3","45.4","35.8","(X)","(X)","16.6","20.6","19.5","20.8","50.0","24.0",
"1400000US25025130300","Census Tract 1303, Suffolk County, Massachusetts","4446","452","841","141","243","87","598","126","841","141","2838","315","910","258","1928","189","1092","258","767","223","2188","296","2258","272","4123","429","96","85","0","13","118","81","0","13","18","21","91","85","285","149","3922","425","3418","395","68","60","521","142","415","161","2414","388","2731","324","2512","340","1297","203","1215","201","219","128","212","133","7","12","3696","409","1931","376","930","192","835","274","29","34","274","199","283","198","367","242","373","244","817","344","998","342","1442","419","719","175","410","141","309","96","0","13","0","13","4","7","110","71","125","113","134","80","134","79","116","51","96","58","4247","2944","358","138","202","83","159","61","96","66","9","15","0","13","9","15","9","15","71","58","33","33","38","48","30","32","16","20","40","31","56","52","65","54","0","13","0","13","10","17","0","13","11","17","10","14","15","18","63","53","83","59","11","16","42","37","0","13","30","28","16","18","16","18","12","17","4","7","0","13","0","13","0","13","87","61","0","13","27","30","60","52","(X)","(X)","(X)","(X)","(X)","(X)","(X)","(X)","(X)","(X)","(X)","(X)","(X)","(X)","(X)","(X)","51","39","31","28","20","21","0","13","0","13","4","7","29","28","0","13","2","6","0","13","14","19","2","4","(X)","(X)","0","13","27","30","24","23","2.2","1.4","1.1","1.8","0.0","15.1","1.5","2.6","1.1","1.8","2.5","2.0","3.6","3.6","2.0","2.5","2.7","2.9","2.1","2.7","1.8","1.4","2.5","2.2","1.6","1.3","0.0","32.7","-","**","8.5","14.2","-","**","61.1","54.5","11.0","17.4","5.3","7.0","1.6","1.3","2.4","1.7","16.2","29.3","8.1","7.4","0.0","9.2","1.2","1.1","0.6","0.7","0.6","0.7","0.9","1.3","0.3","0.6","0.0","16.6","0.0","17.1","0.0","100.0","2.4","1.6","0.0","2.0","2.9","3.1","7.2","6.4","(X)","(X)","(X)","(X)","(X)","(X)","(X)","(X)","(X)","(X)","(X)","(X)","(X)","(X)","(X)","(X)","7.1","5.1","7.6","6.9","6.5","6.5","-","**","-","**","100.0","100.0","26.4","21.9","0.0","26.8","1.5","5.1","0.0","25.4","12.1","15.2","2.1","4.9","(X)","(X)","0.0","10.6","13.4","14.1","15.1","14.6",
"1400000US25025130402","Census Tract 1304.02, Suffolk County, Massachusetts","5646","1052","1084","342","408","196","676","350","1084","342","3458","829","1151","394","2307","514","1640","335","1104","222","2548","607","3098","552","4247","652","80","98","0","19","686","295","0","19","122","153","511","392","662","354","3699","677","4396","842","149","97","840","189","988","351","2419","557","3336","832","3194","811","1523","537","1671","371","142","138","55","61","87","128","4613","862","2667","773","803","237","1143","229","63","49","279","148","490","206","918","461","918","461","1126","467","1554","480","2459","780","1192","326","553","202","639","210","0","19","0","19","40","54","82","58","99","105","167","167","155","100","311","150","338","155","4844","2395","413","223","250","146","529","163","190","108","0","19","0","19","0","19","0","19","137","98","36","35","101","92","116","87","53","46","90","70","100","84","144","92","0","19","0","19","0","19","0","19","8","14","38","55","19","33","125","86","171","106","37","42","19","33","0","19","115","94","105","93","50","69","0","19","50","69","55","61","55","61","0","19","190","108","8","14","111","94","71","61","(X)","(X)","(X)","(X)","(X)","(X)","(X)","(X)","(X)","(X)","(X)","(X)","(X)","(X)","(X)","(X)","190","108","90","70","100","84","0","19","0","19","19","23","17","26","38","55","0","19","63","75","19","33","34","32","(X)","(X)","8","14","111","94","71","61","3.4","2.1","0.0","3.6","0.0","9.3","0.0","5.7","0.0","3.6","4.0","3.1","3.1","3.0","4.4","4.3","7.1","5.4","4.8","4.0","3.5","3.0","3.2","2.7","3.4","2.2","0.0","36.7","-","**","0.0","5.7","-","**","6.6","19.3","7.4","12.9","2.9","5.2","3.4","2.4","3.9","2.6","24.8","23.7","2.3","3.8","0.0","4.0","4.8","4.2","3.1","2.9","1.6","2.2","0.0","2.6","3.0","4.1","38.7","50.1","100.0","44.4","0.0","34.9","4.1","2.5","0.3","0.5","13.8","10.7","6.2","5.3","(X)","(X)","(X)","(X)","(X)","(X)","(X)","(X)","(X)","(X)","(X)","(X)","(X)","(X)","(X)","(X)","15.9","8.1","16.3","12.5","15.6","11.5","-","**","-","**","47.5","32.2","20.7","28.7","38.4","52.8","0.0","21.1","40.6","34.3","6.1","10.5","10.1","9.9","(X)","(X)","1.9","3.6","44.4","30.4","13.4","10.2",
"1400000US25025130404","Census Tract 1304.04, Suffolk County, Massachusetts","2921","281","466","100","128","77","338","99","466","100","1920","263","628","221","1292","198","850","163","535","96","1492","223","1429","172","1819","300","469","246","0","13","321","137","0","13","171","167","141","148","353","212","1642","268","2397","261","249","88","523","188","698","178","927","218","1887","293","1821","305","1018","223","803","159","66","60","32","37","34","37","2529","273","1231","237","692","187","606","109","127","100","397","150","463","158","559","174","568","174","949","260","1237","284","1595","298","821","208","386","147","435","133","0","13","0","13","7","11","166","144","40","27","135","68","165","114","118","44","190","76","7740","1709","350","167","158","91","313","91","249","132","24","37","0","13","24","37","24","37","100","87","37","38","63","80","131","75","125","75","114","89","135","77","141","76","56","79","0","13","5","12","0","13","47","72","0","13","72","83","116","64","218","115","19","20","74","61","116","93","9","15","72","83","72","83","72","83","0","13","0","13","0","13","0","13","225","116","0","13","82","85","143","77","(X)","(X)","(X)","(X)","(X)","(X)","(X)","(X)","(X)","(X)","(X)","(X)","(X)","(X)","(X)","(X)","157","98","76","80","81","55","0","13","0","13","7","11","7","11","5","12","0","13","58","79","9","15","71","54","(X)","(X)","0","13","69","82","88","56","8.5","4.4","5.2","7.6","0.0","26.3","7.1","10.4","5.2","7.6","5.2","4.4","5.9","6.5","4.9","6.0","15.4","9.2","23.4","13.8","7.6","5.7","9.4","5.4","7.8","4.1","11.9","17.3","-","**","1.6","3.7","-","**","27.5","44.8","0.0","24.3","20.4","23.3","7.1","3.8","9.1","4.7","7.6","8.3","14.1","12.0","16.6","12.2","1.0","1.6","3.8","4.3","4.0","4.4","7.1","7.6","0.0","4.9","0.0","40.5","0.0","58.2","0.0","56.4","8.9","4.5","0.0","3.2","11.8","11.5","23.6","11.1","(X)","(X)","(X)","(X)","(X)","(X)","(X)","(X)","(X)","(X)","(X)","(X)","(X)","(X)","(X)","(X)","19.1","11.3","19.7","18.1","18.6","12.8","-","**","-","**","100.0","100.0","4.2","8.6","12.5","29.0","0.0","25.2","35.2","34.8","7.6","12.4","37.4","24.2","(X)","(X)","0.0","10.8","43.7","34.3","28.1","15.8",
"1400000US25025130406","Census Tract 1304.06, Suffolk County, Massachusetts","6034","925","1996","662","538","411","1458","357","1996","662","3348","465","1202","359","2146","463","986","274","690","176","2713","363","3321","901","2109","425","3026","951","0","19","366","316","0","19","135","152","398","286","1194","445","1561","364","3724","422","583","279","757","302","1161","306","1223","373","3042","448","2921","412","1218","254","1703","346","121","92","88","78","33","46","4308","499","2130","342","892","311","1286","299","154","96","1482","918","1754","961","2181","1010","2229","1022","3711","1026","4430","1037","4931","1028","983","234","410","149","573","171","0","19","0","19","44","62","267","151","45","55","190","93","87","61","172","97","178","120","5419","1183","405","161","148","103","430","147","1035","860","520","630","290","363","230","281","520","630","440","286","121","96","319","246","111","73","75","72","215","110","820","832","282","139","753","839","0","19","0","19","0","19","0","19","0","19","108","97","191","103","457","262","148","112","121","82","148","190","40","55","291","226","277","225","80","67","197","209","14","23","14","23","0","19","567","339","92","78","222","232","253","138","(X)","(X)","(X)","(X)","(X)","(X)","(X)","(X)","(X)","(X)","(X)","(X)","(X)","(X)","(X)","(X)","308","140","169","87","139","92","0","19","0","19","21","36","63","66","0","19","71","64","87","61","34","40","32","50","(X)","(X)","92","78","28","39","188","98","17.2","12.4","26.1","25.5","53.9","45.6","15.8","17.1","26.1","25.5","13.1","8.2","10.1","7.7","14.9","10.9","11.3","7.8","10.9","10.4","7.9","4.3","24.7","20.0","13.4","6.6","24.9","22.7","-","**","0.0","10.3","-","**","0.0","25.2","0.0","9.6","9.0","8.6","12.2","6.4","12.3","6.7","25.4","21.1","16.0","12.6","12.7","14.4","3.3","4.3","9.6","7.1","9.5","7.4","6.6","5.7","11.6","11.2","11.6","20.6","15.9","28.0","0.0","57.3","13.2","7.5","4.3","3.8","24.9","20.8","19.7","11.0","(X)","(X)","(X)","(X)","(X)","(X)","(X)","(X)","(X)","(X)","(X)","(X)","(X)","(X)","(X)","(X)","31.3","12.0","41.2","17.1","24.3","14.6","-","**","-","**","47.7","28.7","23.6","23.4","0.0","49.0","37.4","28.8","100.0","34.9","19.8","22.4","18.0","27.1","(X)","(X)","22.7","16.6","18.9","24.8","43.7","19.8",
"1400000US25025140102","Census Tract 1401.02, Suffolk County, Massachusetts","5817","780","1520","476","259","107","1261","432","1520","476","3590","411","1273","329","2317","275","1090","255","707","215","2615","405","3202","463","2285","438","2791","644","0","19","220","126","0","19","317","180","204","161","1128","426","1847","369","3717","407","367","143","1054","229","956","299","1340","255","3084","340","2767","325","1221","230","1546","202","317","106","141","81","176","91","4514","593","2076","290","1257","304","1181","268","104","63","461","234","524","254","919","373","980","382","1992","688","2865","858","3451","896","811","175","386","144","425","99","0","19","0","19","79","67","85","60","81","52","212","104","129","87","164","111","61","43","7659","2180","405","122","133","97","273","106","413","212","108","88","39","58","69","70","108","88","222","132","48","49","174","120","94","71","83","68","245","128","168","113","105","79","226","182","0","19","18","29","0","19","64","94","0","19","94","96","87","76","257","134","49","37","131","111","45","44","32","23","119","82","81","68","26","32","55","43","38","43","38","43","0","19","327","151","4","7","89","70","234","137","(X)","(X)","(X)","(X)","(X)","(X)","(X)","(X)","(X)","(X)","(X)","(X)","(X)","(X)","(X)","(X)","172","92","116","84","56","36","0","19","0","19","48","49","0","19","33","31","15","18","1","3","71","67","4","7","(X)","(X)","4","7","34","28","134","89","7.1","3.7","7.1","6.1","15.1","20.1","5.5","5.7","7.1","6.1","6.2","3.7","3.8","3.8","7.5","5.3","8.6","6.6","11.7","9.8","9.4","4.9","5.2","3.7","4.6","3.3","8.1","6.5","-","**","8.2","14.0","-","**","20.2","28.8","0.0","17.7","8.3","9.2","4.7","3.9","6.9","3.7","13.4","11.3","12.4","10.0","4.7","5.0","2.4","1.8","3.9","2.7","2.9","2.5","2.1","2.7","3.6","2.8","12.0","13.6","27.0","28.4","0.0","20.2","7.2","3.5","0.2","0.3","7.1","5.9","19.8","10.7","(X)","(X)","(X)","(X)","(X)","(X)","(X)","(X)","(X)","(X)","(X)","(X)","(X)","(X)","(X)","(X)","21.2","9.9","30.1","16.9","13.2","8.7","-","**","-","**","60.8","49.6","0.0","35.4","40.7","29.5","7.1","8.8","0.8","2.0","43.3","26.8","6.6","12.7","(X)","(X)","1.0","1.7","25.6","26.8","49.1","22.2",
"1400000US25025140105","Census Tract 1401.05, Suffolk County, Massachusetts","3770","594","765","267","204","103","561","298","765","267","2532","391","784","201","1748","273","847","178","473","134","1954","337","1816","355","1916","342","1395","558","0","13","17","23","0","13","269","254","173","135","1283","247","1036","220","2675","395","343","136","548","194","945","248","839","244","2316","396","2257","394","1190","230","1067","257","59","50","35","32","24","35","3081","403","1611","362","750","187","720","172","342","188","483","214","577","224","635","239","727","243","1265","292","1911","539","2778","615","730","199","462","177","268","104","0","13","0","13","0","13","78","73","53","54","121","93","282","155","80","58","116","62","10640","2377","339","146","122","105","269","111","365","187","143","111","74","76","69","77","143","111","182","94","61","50","121","86","66","54","40","39","199","128","166","80","283","178","39","45","0","13","2","4","0","13","41","48","0","13","227","156","114","90","163","93","48","46","22","23","68","76","25","39","72","60","48","47","2","4","46","46","24","35","0","13","24","35","239","110","0","13","94","61","145","89","(X)","(X)","(X)","(X)","(X)","(X)","(X)","(X)","(X)","(X)","(X)","(X)","(X)","(X)","(X)","(X)","123","85","56","67","67","54","0","13","0","13","0","13","2","5","9","15","2","4","70","78","30","36","10","16","(X)","(X)","0","13","11","15","112","84","9.7","5.4","18.7","16.7","36.3","30.0","12.3","15.6","18.7","16.7","7.2","4.0","7.8","6.4","6.9","5.0","7.8","6.7","8.5","7.9","10.2","7.0","9.1","4.6","14.8","10.1","2.8","3.3","-","**","11.8","33.5","-","**","15.2","23.6","0.0","20.5","17.7","13.5","11.0","9.2","6.1","3.6","14.0","10.5","4.0","4.4","7.2","8.2","3.0","4.5","3.1","2.7","2.1","2.1","0.2","0.3","4.3","4.4","40.7","43.6","0.0","55.6","100.0","67.2","7.8","3.8","0.0","2.4","12.5","7.6","20.1","11.0","(X)","(X)","(X)","(X)","(X)","(X)","(X)","(X)","(X)","(X)","(X)","(X)","(X)","(X)","(X)","(X)","16.8","12.0","12.1","14.9","25.0","17.5","-","**","-","**","-","**","2.6","9.8","17.0","32.2","1.7","3.4","24.8","27.8","37.5","33.7","8.6","15.2","(X)","(X)","0.0","11.1","9.0","11.2","41.6","22.0",
"1400000US25025140106","Census Tract 1401.06, Suffolk County, Massachusetts","2329","278","600","103","73","49","527","74","596","102","1426","225","566","146","860","163","476","151","303","92","993","140","1336","219","829","225","1249","235","0","13","71","50","0","13","117","77","63","46","662","172","445","141","1557","235","273","89","480","150","470","182","334","82","1216","218","1132","222","507","117","625","171","84","48","59","43","25","23","1791","256","809","204","404","86","578","142","268","171","709","211","814","188","867","194","891","199","1320","192","1771","242","1800","238","520","155","146","56","374","145","0","13","0","13","32","27","100","52","44","72","54","61","113","96","136","55","41","22","6465","4268","166","109","120","54","234","93","540","195","221","113","27","38","194","103","221","113","278","127","57","37","221","115","83","51","41","33","193","80","347","139","201","133","278","159","0","13","2","5","0","13","40","49","19","27","252","141","66","48","313","138","84","53","161","106","49","42","19","21","165","76","107","63","16","25","91","62","58","44","33","39","25","23","351","147","30","26","111","62","210","117","(X)","(X)","(X)","(X)","(X)","(X)","(X)","(X)","(X)","(X)","(X)","(X)","(X)","(X)","(X)","(X)","140","96","25","18","115","94","0","13","0","13","6","7","6","10","44","72","52","62","16","15","10","10","6","9","(X)","(X)","0","13","62","59","78","76","23.2","8.0","36.8","16.6","37.0","38.2","36.8","18.1","37.1","16.7","19.5","8.6","10.1","6.2","25.7","12.3","17.4","11.1","13.5","10.6","19.4","7.6","26.0","10.0","24.2","14.3","22.3","11.7","-","**","2.8","9.3","-","**","34.2","33.6","30.2","37.9","38.1","20.7","14.8","9.8","20.1","8.2","30.8","17.0","33.5","17.7","10.4","9.1","5.7","6.0","13.6","6.4","9.5","5.6","3.2","4.6","14.6","10.1","69.0","31.2","55.9","45.7","100.0","65.8","19.6","7.8","3.7","3.2","27.5","14.5","36.3","15.7","(X)","(X)","(X)","(X)","(X)","(X)","(X)","(X)","(X)","(X)","(X)","(X)","(X)","(X)","(X)","(X)","26.9","16.7","17.1","13.4","30.7","22.7","-","**","-","**","18.8","25.3","6.0","10.5","100.0","49.6","96.3","17.5","14.2","20.3","7.4","8.0","14.6","22.0","(X)","(X)","0.0","21.2","51.7","35.4","33.3","24.5",
"1400000US25025140107","Census Tract 1401.07, Suffolk County, Massachusetts","3136","568","703","236","179","76","524","200","703","236","1884","326","542","157","1342","277","760","204","549","178","1341","310","1795","307","1377","276","1401","491","0","13","0","13","0","13","116","94","242","149","877","288","958","204","2313","405","343","241","635","138","505","131","830","219","1676","265","1583","258","717","154","866","169","93","56","24","24","69","51","2512","425","1168","232","638","189","706","230","126","71","325","106","408","139","698","410","717","404","1146","513","1532","534","1940","535","611","181","259","125","352","143","0","13","0","13","0","13","73","48","103","52","134","106","138","132","121","54","42","33","5894","1551","267","143","112","102","232","60","296","103","78","63","14","15","64","61","78","63","123","51","14","15","109","49","134","52","95","49","76","48","220","89","107","50","140","87","0","13","0","13","0","13","17","18","32","38","105","66","51","32","218","58","43","31","106","51","31","30","38","30","16","24","0","13","0","13","0","13","16","24","0","13","16","24","218","58","0","13","16","24","202","56","(X)","(X)","(X)","(X)","(X)","(X)","(X)","(X)","(X)","(X)","(X)","(X)","(X)","(X)","(X)","(X)","170","49","70","48","100","31","0","13","0","13","0","13","14","15","12","14","15","15","46","43","48","30","35","31","(X)","(X)","0","13","0","13","170","49","9.4","3.6","11.1","8.9","7.8","8.4","12.2","11.4","11.1","8.9","6.5","2.8","2.6","2.6","8.1","3.8","17.6","8.4","17.3","10.0","5.7","3.8","12.3","5.0","7.8","3.9","10.0","6.9","-","**","-","**","-","**","14.7","9.9","13.2","15.7","12.0","7.6","5.3","3.4","9.4","3.0","12.5","13.3","16.7","7.9","6.1","5.9","4.6","3.7","1.0","1.4","0.0","2.5","0.0","5.4","0.0","4.5","17.2","27.1","0.0","67.2","23.2","34.4","8.7","2.7","0.0","3.4","2.5","3.9","28.6","11.8","(X)","(X)","(X)","(X)","(X)","(X)","(X)","(X)","(X)","(X)","(X)","(X)","(X)","(X)","(X)","(X)","27.8","10.6","27.0","18.6","28.4","13.3","-","**","-","**","-","**","19.2","18.9","11.7","15.1","11.2","14.0","33.3","42.2","39.7","22.2","83.3","27.9","(X)","(X)","0.0","13.9","0.0","29.2","73.3","15.3",
"1400000US25025140201","Census Tract 1402.01, Suffolk County, Massachusetts","2803","670","711","378","220","127","491","348","711","378","1801","343","599","239","1202","266","414","92","291","68","1465","382","1338","350","1311","399","1004","545","4","7","126","100","0","13","108","87","250","166","498","193","1137","374","1959","334","257","152","437","92","640","181","625","225","1647","327","1593","326","832","170","761","191","54","34","54","34","0","13","2106","343","1124","242","616","177","366","108","106","88","216","135","338","182","393","190","528","247","831","281","1317","630","1678","645","400","107","225","81","175","68","0","13","0","13","29","26","80","52","64","44","52","35","66","42","70","50","39","34","N","N","171","56","141","69","88","48","205","134","30","31","20","26","10","14","30","31","159","97","41","28","118","78","31","35","16","22","107","86","98","66","88","96","1","5","4","7","32","49","0","13","25","27","55","70","116","115","48","39","164","100","78","72","35","39","20","20","31","25","45","30","36","23","24","19","12","14","9","14","9","14","0","13","175","109","13","17","71","55","91","70","(X)","(X)","(X)","(X)","(X)","(X)","(X)","(X)","(X)","(X)","(X)","(X)","(X)","(X)","(X)","(X)","38","22","5","8","33","22","0","13","0","13","0","13","0","13","2","4","5","8","25","21","5","9","1","4","(X)","(X)","0","13","9","13","29","22","7.3","5.2","4.2","5.6","9.1","13.4","2.0","3.4","4.2","5.6","8.8","5.6","6.8","5.0","9.8","6.9","7.5","8.1","5.5","7.2","7.3","6.2","7.3","5.3","6.7","7.2","0.1","0.5","100.0","100.0","25.4","37.8","-","**","23.1","19.6","22.0","27.4","23.3","20.7","4.2","3.7","8.4","5.2","30.4","27.4","8.0","8.2","3.1","3.2","5.0","4.5","2.7","2.0","2.3","1.6","2.9","2.5","1.6","1.9","16.7","24.0","16.7","24.0","-","**","8.3","5.2","1.2","1.6","11.5","8.5","24.9","14.8","(X)","(X)","(X)","(X)","(X)","(X)","(X)","(X)","(X)","(X)","(X)","(X)","(X)","(X)","(X)","(X)","9.5","5.6","2.2","3.6","18.9","12.6","-","**","-","**","0.0","61.1","0.0","36.7","3.1","6.7","9.6","16.8","37.9","28.5","7.1","13.7","2.6","10.5","(X)","(X)","0.0","20.7","6.4","9.5","33.0","24.4",
"1400000US25025140202","Census Tract 1402.02, Suffolk County, Massachusetts","6412","773","1228","362","311","152","917","354","1228","362","4300","500","1545","244","2755","411","1268","277","884","190","3364","541","3048","477","2918","596","1861","326","0","19","293","209","0","19","867","618","473","246","2467","657","1952","349","4696","597","571","245","1185","272","1468","327","1472","310","3822","494","3561","461","1743","295","1818","345","261","175","195","165","66","67","5395","602","2538","405","1267","265","1590","332","353","238","867","345","1183","525","1349","552","1521","567","2412","802","2991","851","3844","835","1145","368","806","307","339","124","0","19","0","19","42","59","286","194","184","129","124","79","187","110","228","152","94","56","7044","1189","467","194","217","173","461","161","700","342","136","119","23","38","113","116","136","119","501","264","305","232","196","105","80","49","63","41","454","248","246","143","240","222","274","234","0","19","0","19","0","19","186","231","0","19","503","327","109","69","428","206","92","80","132","114","129","85","75","69","252","198","210","194","180","179","30","46","42","39","42","39","0","19","576","274","109","112","101","87","366","186","(X)","(X)","(X)","(X)","(X)","(X)","(X)","(X)","(X)","(X)","(X)","(X)","(X)","(X)","(X)","(X)","317","244","252","185","65","65","0","19","0","19","42","59","139","176","0","19","38","44","35","32","60","40","3","5","(X)","(X)","73","103","65","78","179","90","10.9","5.3","11.1","8.9","7.4","13.4","12.3","12.2","11.1","8.9","11.7","6.1","19.7","14.0","7.1","3.9","6.3","4.1","7.1","5.0","13.5","7.0","8.1","4.7","8.2","7.4","14.7","11.3","-","**","0.0","12.7","-","**","21.5","25.6","0.0","8.1","20.4","13.2","5.6","3.5","9.1","4.3","16.1","12.9","11.1","9.0","8.8","6.3","5.1","4.5","6.6","5.2","5.9","5.4","10.3","9.4","1.7","2.5","16.1","19.3","21.5","27.1","0.0","40.5","10.7","5.1","4.3","4.6","8.0","6.6","23.0","10.0","(X)","(X)","(X)","(X)","(X)","(X)","(X)","(X)","(X)","(X)","(X)","(X)","(X)","(X)","(X)","(X)","27.7","15.6","31.3","16.6","19.2","17.5","-","**","-","**","100.0","50.8","48.6","38.8","0.0","19.4","30.6","30.6","18.7","18.3","26.3","21.7","3.2","5.1","(X)","(X)","15.6","20.4","30.0","20.0","38.8","18.3",
"1400000US25025140300","Census Tract 1403, Suffolk County, Massachusetts","7461","1310","1264","385","306","203","958","283","1264","385","5024","1103","2050","848","2974","642","1801","487","1173","299","3214","531","4247","956","1981","667","4197","939","0","19","78","84","0","19","707","526","498","383","1964","1005","1225","467","5635","1089","641","226","1505","479","1834","571","1655","550","4281","938","3384","677","1581","453","1803","433","897","426","539","268","358","398","6311","1148","2273","681","2264","542","1774","435","290","262","1540","561","1698","565","2296","509","2362","531","3417","737","4444","1127","5725","1230","1421","726","654","323","767","495","0","19","0","19","1","3","582","717","101","156","48","58","313","215","137","90","239","162","5181","2257","678","403","413","375","330","165","1240","519","452","287","38","67","414","286","452","287","541","344","175","173","366","241","248","121","247","121","471","238","769","332","46","48","855","433","0","19","78","84","0","19","127","174","134","157","306","238","27","34","670","273","139","103","189","122","251","189","91","113","482","349","280","209","32","69","248","170","202","166","202","166","0","19","824","377","0","19","316","212","508","212","(X)","(X)","(X)","(X)","(X)","(X)","(X)","(X)","(X)","(X)","(X)","(X)","(X)","(X)","(X)","(X)","213","131","64","64","149","111","0","19","0","19","0","19","12","28","0","19","2","3","3","4","79","71","117","108","(X)","(X)","0","19","19","34","194","127","16.6","8.4","35.8","25.9","12.4","21.7","43.2","29.5","35.8","25.9","10.8","7.8","8.5","11.0","12.3","8.9","13.8","8.1","21.1","12.3","14.7","8.2","18.1","9.2","2.3","2.6","20.4","11.9","-","**","100.0","37.2","-","**","18.0","27.3","26.9","29.5","15.6","13.1","2.2","3.1","11.9","5.9","21.7","16.5","12.6","8.6","13.7","11.0","5.5","6.0","11.3","9.1","8.3","6.7","2.0","4.5","13.8","9.9","22.5","23.9","37.5","27.3","0.0","10.6","13.1","7.1","0.0","1.7","14.0","9.3","28.6","13.8","(X)","(X)","(X)","(X)","(X)","(X)","(X)","(X)","(X)","(X)","(X)","(X)","(X)","(X)","(X)","(X)","15.0","10.5","9.8","9.8","19.4","15.7","-","**","-","**","0.0","100.0","2.1","7.3","0.0","31.5","4.2","11.5","1.0","1.5","57.7","37.1","49.0","38.4","(X)","(X)","0.0","5.7","4.6","10.4","58.8","23.1",
"1400000US25025140400","Census Tract 1404, Suffolk County, Massachusetts","9520","1374","1984","428","418","235","1566","337","1941","406","6007","1081","2085","477","3922","836","2341","525","1529","325","4622","1038","4898","629","1445","731","5967","1110","26","43","38","44","0","19","1078","690","966","630","2846","971","949","651","6904","1086","1372","514","1812","727","1876","477","1844","456","5063","693","4696","659","1961","410","2735","412","367","217","268","212","99","111","7790","1204","3027","604","2064","415","2699","804","888","440","1890","661","1965","666","2355","691","2822","730","3894","810","5207","994","6955","1111","1576","373","710","274","866","307","0","19","43","66","0","19","380","258","176","161","317","195","222","153","366","147","72","82","6677","2565","760","324","284","166","532","194","1480","555","569","283","124","127","445","264","526","267","649","305","208","163","441","205","365","178","262","124","736","302","744","331","196","213","1141","510","0","19","16","24","0","19","0","19","127","156","444","277","0","19","865","354","361","228","124","116","212","168","168","123","525","271","441","255","164","133","277","169","84","102","21","33","63","94","1000","369","92","88","349","217","559","199","(X)","(X)","(X)","(X)","(X)","(X)","(X)","(X)","(X)","(X)","(X)","(X)","(X)","(X)","(X)","(X)","428","191","309","187","119","89","0","19","43","66","0","19","51","62","83","113","57","72","0","19","149","100","45","75","(X)","(X)","0","19","90","88","338","177","15.5","6.4","28.7","15.3","29.7","26.8","28.4","16.8","27.1","15.3","10.8","5.5","10.0","8.0","11.2","5.6","15.6","8.4","17.1","9.3","15.9","7.2","15.2","7.0","13.6","16.0","19.1","8.6","0.0","64.5","42.1","56.1","-","**","0.0","3.6","13.1","19.3","15.6","11.6","0.0","4.1","12.5","5.8","26.3","15.3","6.8","6.4","11.3","8.8","9.1","6.9","10.4","5.7","9.4","5.7","8.4","7.0","10.1","6.5","22.9","28.3","7.8","14.5","63.6","55.6","12.8","5.2","3.0","2.9","16.9","9.8","20.7","9.2","(X)","(X)","(X)","(X)","(X)","(X)","(X)","(X)","(X)","(X)","(X)","(X)","(X)","(X)","(X)","(X)","27.2","11.3","43.5","19.9","13.7","10.5","-","**","100.0","50.2","-","**","13.4","18.8","47.2","45.4","18.0","20.0","0.0","16.4","40.7","23.0","62.5","56.0","(X)","(X)","0.0","5.1","31.7","27.0","63.5","19.7",
"1400000US25025160102","Census Tract 1601.02, Suffolk County, Massachusetts","3671","580","1048","187","312","161","736","183","1048","187","2433","520","1096","337","1337","383","382","166","190","109","1868","368","1803","295","1348","454","207","126","0","13","302","182","0","13","484","254","1330","685","2831","624","222","114","2250","560","801","234","585","252","390","190","474","226","1949","556","1909","556","1142","351","767","271","40","61","40","61","0","13","2798","565","1328","382","723","295","747","253","204","157","714","310","956","357","1162","392","1194","402","1562","457","2958","666","3258","610","605","219","408","208","197","103","0","13","0","13","50","49","133","125","89","76","74","60","164","107","74","60","21","33","6163","2052","248","141","181","112","176","94","383","165","70","87","24","41","46","54","70","87","243","102","74","62","169","94","161","115","70","60","111","82","272","130","154","102","43","49","0","13","0","13","0","13","30","45","156","102","267","169","48","49","263","127","150","103","68","51","23","38","22","34","89","75","88","75","25","40","63","71","1","3","1","3","0","13","335","136","20","32","95","79","220","113","(X)","(X)","(X)","(X)","(X)","(X)","(X)","(X)","(X)","(X)","(X)","(X)","(X)","(X)","(X)","(X)","224","116","71","66","153","102","0","13","0","13","50","49","24","37","0","13","1","2","97","81","31","41","21","33","(X)","(X)","20","32","73","73","131","86","10.4","4.7","6.7","7.8","7.7","13.4","6.3","6.8","6.7","7.8","10.0","4.8","6.8","5.5","12.6","7.4","42.1","24.4","36.8","30.3","5.9","4.5","15.1","7.6","11.4","8.3","20.8","23.0","-","**","0.0","12.4","-","**","6.2","10.8","11.7","9.8","9.4","6.2","21.6","19.9","11.7","6.3","18.7","12.0","11.6","9.2","5.9","9.9","4.6","7.2","4.6","3.9","4.6","4.1","2.2","3.6","8.2","9.9","2.5","16.2","2.5","16.2","-","**","12.0","5.5","1.5","2.4","13.1","10.8","29.5","15.8","(X)","(X)","(X)","(X)","(X)","(X)","(X)","(X)","(X)","(X)","(X)","(X)","(X)","(X)","(X)","(X)","37.0","19.6","17.4","16.2","77.7","21.4","-","**","-","**","100.0","46.5","18.0","30.6","0.0","34.3","1.4","3.4","59.1","34.1","41.9","40.5","100.0","71.8","(X)","(X)","8.1","13.6","40.3","33.6","74.4","24.3",
"1400000US25025160103","Census Tract 1601.03, Suffolk County, Massachusetts","4717","1071","1449","353","421","244","1028","288","1449","353","2931","818","990","283","1941","630","644","359","337","194","2372","502","2345","795","1001","451","275","254","0","13","104","170","0","13","539","416","2798","1206","3954","1019","437","208","2819","706","1161","443","851","360","510","242","297","134","2323","549","2139","533","1112","245","1027","469","184","150","114","125","70","77","3447","916","1579","552","952","307","916","394","183","179","1295","635","1357","623","1568","649","1798","700","2129","722","3319","1087","4328","1078","750","299","439","191","311","172","0","13","0","13","51","81","80","95","230","227","149","94","131","112","109","90","0","13","N","N","423","184","57","65","270","231","1118","598","483","311","71","67","412","286","483","311","635","354","239","142","396","280","82","89","0","13","433","247","685","394","236","215","64","90","0","13","104","170","0","13","100","125","614","521","992","567","62","99","584","329","332","260","114","93","138","125","0","13","325","204","255","163","105","81","150","106","70","77","0","13","70","77","708","408","84","76","206","135","418","317","(X)","(X)","(X)","(X)","(X)","(X)","(X)","(X)","(X)","(X)","(X)","(X)","(X)","(X)","(X)","(X)","209","225","65","107","144","137","0","13","0","13","0","13","0","13","155","207","0","13","54","85","0","13","0","13","(X)","(X)","0","13","0","13","209","225","23.7","12.3","33.3","18.8","16.9","17.4","40.1","22.8","33.3","18.8","21.7","12.3","24.1","15.1","20.4","13.1","12.7","13.9","0.0","11.2","18.3","10.0","29.2","16.9","23.6","17.7","23.3","19.4","-","**","100.0","30.9","-","**","18.6","25.1","21.9","17.8","25.1","14.3","14.2","21.5","20.7","11.2","28.6","19.5","13.4","11.2","27.1","20.4","0.0","12.6","14.0","9.3","11.9","8.5","9.4","7.2","14.6","14.0","38.0","40.4","0.0","28.8","100.0","39.3","20.5","11.6","5.3","5.1","21.6","15.9","45.6","21.9","(X)","(X)","(X)","(X)","(X)","(X)","(X)","(X)","(X)","(X)","(X)","(X)","(X)","(X)","(X)","(X)","27.9","24.1","14.8","21.8","46.3","33.4","-","**","-","**","0.0","46.1","0.0","36.7","67.4","41.5","0.0","23.2","41.2","52.0","0.0","29.8","-","**","(X)","(X)","0.0","9.0","0.0","43.6","77.4","28.7",
"1400000US25025160200","Census Tract 1602, Suffolk County, Massachusetts","4105","640","1354","369","552","211","802","257","1354","369","2576","385","1137","222","1439","311","248","89","175","58","2054","414","2051","343","1529","450","68","72","0","13","36","54","0","13","356","167","2116","794","3695","661","272","119","2491","389","1005","325","794","234","389","146","303","100","2057","345","1792","257","1016","181","776","161","265","172","197","141","68","69","2865","406","1167","217","1013","297","685","191","164","103","964","424","1324","462","2159","597","2200","596","3270","662","3665","662","3755","673","878","274","568","209","310","129","0","13","0","13","43","50","233","108","215","129","173","198","111","70","35","30","68","41","6961","2062","413","147","240","172","225","78","776","404","291","231","109","97","182","188","291","231","437","213","170","119","267","140","58","40","48","39","339","222","437","214","387","270","10","17","0","13","0","13","0","13","31","45","348","318","747","407","19","22","455","196","256","134","61","43","44","44","94","65","226","119","159","96","74","65","85","66","67","55","32","35","35","41","527","239","78","76","165","100","284","137","(X)","(X)","(X)","(X)","(X)","(X)","(X)","(X)","(X)","(X)","(X)","(X)","(X)","(X)","(X)","(X)","207","111","68","49","139","101","0","13","0","13","0","13","0","13","24","37","90","93","55","50","10","17","28","34","(X)","(X)","28","45","24","37","155","76","18.9","9.3","21.5","14.0","19.7","16.5","22.7","18.1","21.5","14.0","17.0","8.2","15.0","10.3","18.6","8.8","23.4","15.2","27.4","20.4","16.5","9.9","21.3","10.5","25.3","15.1","14.7","25.8","-","**","0.0","54.8","-","**","8.7","11.6","16.4","12.9","20.2","10.2","7.0","7.9","18.3","7.7","25.5","11.7","7.7","5.9","11.3","9.6","31.0","20.3","11.0","5.5","8.9","5.4","7.3","6.6","11.0","8.3","25.3","22.5","16.2","20.5","51.5","51.5","18.4","8.1","6.7","6.6","16.3","9.6","41.5","16.0","(X)","(X)","(X)","(X)","(X)","(X)","(X)","(X)","(X)","(X)","(X)","(X)","(X)","(X)","(X)","(X)","23.6","9.7","12.0","8.1","44.8","24.5","-","**","-","**","0.0","50.2","0.0","15.7","11.2","15.2","52.0","17.7","49.5","34.8","28.6","41.5","41.2","35.2","(X)","(X)","6.8","11.1","10.0","16.9","68.9","19.0",
"1400000US25025160300","Census Tract 1603, Suffolk County, Massachusetts","2087","296","165","31","38","50","127","54","165","31","1374","237","546","132","828","168","695","182","548","181","995","228","1092","165","1477","216","91","71","20","32","11","18","0","13","138","122","350","284","738","268","1213","213","1883","293","338","187","288","112","456","153","801","186","1306","234","1235","233","595","172","640","118","71","51","16","24","55","46","1931","291","911","198","449","139","571","179","173","164","401","187","418","191","495","216","571","227","931","283","991","282","1120","283","990","233","461","212","529","106","0","13","0","13","25","27","282","104","115","64","40","23","88","51","252","79","188","160","6411","2317","412","118","161","82","417","177","362","183","42","53","0","13","42","53","42","53","141","70","52","39","89","54","210","163","179","160","208","162","154","75","137","69","0","13","0","13","11","18","0","13","115","105","99","153","239","172","112","68","320","173","149","158","96","54","41","45","34","34","68","47","59","45","0","13","59","45","9","13","0","13","9","13","320","173","21","26","47","39","252","167","(X)","(X)","(X)","(X)","(X)","(X)","(X)","(X)","(X)","(X)","(X)","(X)","(X)","(X)","(X)","(X)","242","173","145","162","97","51","0","13","0","13","0","13","32","31","12","19","0","13","37","38","54","43","107","153","(X)","(X)","0","13","47","39","195","165","17.3","8.2","25.5","32.2","0.0","53.4","33.1","40.2","25.5","32.2","10.3","5.5","9.5","7.1","10.7","6.9","30.2","17.1","32.7","20.1","20.9","13.9","14.1","6.9","9.3","4.5","0.0","33.9","0.0","73.6","100.0","99.2","-","**","83.3","24.9","28.3","36.2","32.4","20.5","9.2","5.2","17.0","8.1","44.1","29.9","33.3","14.7","9.0","9.6","4.2","4.2","5.2","4.0","4.8","4.0","0.0","6.5","9.2","7.1","12.7","19.3","0.0","82.3","16.4","24.4","16.6","7.9","2.3","3.2","10.5","8.9","44.1","18.8","(X)","(X)","(X)","(X)","(X)","(X)","(X)","(X)","(X)","(X)","(X)","(X)","(X)","(X)","(X)","(X)","24.4","12.9","31.5","23.9","18.3","9.7","-","**","-","**","0.0","65.8","11.3","10.5","10.4","15.8","0.0","52.0","42.0","31.6","21.4","16.3","56.9","42.9","(X)","(X)","0.0","9.2","29.2","21.9","46.8","23.9",
"1400000US25025160400","Census Tract 1604, Suffolk County, Massachusetts","3282","468","679","272","155","78","524","259","679","272","2388","279","1153","180","1235","230","314","135","215","74","1736","267","1546","333","1523","270","292","169","21","33","58","50","0","13","163","126","1225","472","2098","476","813","177","2266","241","685","185","385","127","500","185","696","150","2002","244","1903","243","1071","192","832","156","99","67","26","39","73","58","2672","273","1373","197","652","165","647","203","347","191","1042","464","1203","463","1468","448","1545","462","2045","468","2283","475","2488","466","1380","185","754","157","626","175","0","13","0","13","151","68","465","123","280","107","93","75","235","186","111","52","45","34","9155","1813","733","141","236","82","411","179","903","447","301","253","29","28","272","247","301","253","540","255","150","69","390","229","133","104","62","44","377","213","526","311","328","202","22","35","0","13","31","34","0","13","5","8","517","408","798","446","51","39","516","229","210","145","79","56","202","180","25","27","198","120","157","109","87","101","70","47","41","46","0","13","41","46","614","254","29","32","172","97","413","196","(X)","(X)","(X)","(X)","(X)","(X)","(X)","(X)","(X)","(X)","(X)","(X)","(X)","(X)","(X)","(X)","424","180","185","114","239","145","0","13","0","13","42","39","58","46","35","45","32","30","195","178","57","44","5","8","(X)","(X)","0","13","92","57","332","171","27.5","10.9","44.3","24.2","18.7","18.9","51.9","27.1","44.3","24.2","22.6","9.4","13.0","5.4","31.6","15.0","42.4","19.9","28.8","18.0","21.7","10.8","34.0","14.5","21.5","11.7","7.5","12.9","0.0","71.8","53.4","45.7","-","**","3.1","5.4","42.2","22.4","38.0","15.4","6.3","4.5","22.8","9.0","30.7","16.8","20.5","13.6","40.4","25.6","3.6","3.9","9.9","5.8","8.3","5.5","8.1","9.0","8.4","5.8","41.4","36.4","0.0","64.5","56.2","42.0","23.0","8.5","2.1","2.4","26.4","12.5","63.8","14.8","(X)","(X)","(X)","(X)","(X)","(X)","(X)","(X)","(X)","(X)","(X)","(X)","(X)","(X)","(X)","(X)","30.7","11.0","24.5","13.2","38.2","16.7","-","**","-","**","27.8","21.5","12.5","9.3","12.5","15.4","34.4","38.2","83.0","19.5","51.4","27.8","11.1","20.0","(X)","(X)","0.0","5.3","39.0","21.1","80.8","13.5",
"1400000US25025160501","Census Tract 1605.01, Suffolk County, Massachusetts","5704","945","1218","260","312","126","906","208","1186","256","3796","736","1581","554","2215","329","1070","374","690","221","2799","486","2905","594","2666","807","300","157","0","19","315","211","0","19","682","359","1741","498","4138","907","965","269","4074","843","1286","297","1279","352","620","265","889","368","3277","718","3191","737","1594","365","1597","461","86","69","65","60","21","32","4693","871","2172","393","1186","470","1335","301","465","271","1254","355","1427","382","1863","481","1889","478","2669","556","3995","545","5162","950","1304","306","545","242","759","199","32","49","0","19","24","29","347","185","166","102","146","91","258","163","195","82","136","65","7089","2108","527","178","174","86","603","245","921","351","291","193","72","60","219","147","259","184","458","221","187","133","271","151","273","157","172","90","430","242","491","186","352","168","187","148","0","19","0","19","0","19","141","163","241","206","486","280","267","144","606","239","305","173","220","123","29","27","52","84","184","121","163","122","68","65","95","68","21","23","21","23","0","19","699","258","49","49","152","102","498","214","(X)","(X)","(X)","(X)","(X)","(X)","(X)","(X)","(X)","(X)","(X)","(X)","(X)","(X)","(X)","(X)","545","255","279","208","266","107","32","49","0","19","24","29","120","115","32","46","32","38","155","140","78","60","72","52","(X)","(X)","44","51","63","62","438","233","16.1","5.8","23.9","14.0","23.1","17.2","24.2","14.8","21.8","13.9","12.1","5.8","11.8","9.1","12.2","6.0","25.5","13.4","24.9","12.0","15.4","7.9","16.9","5.9","13.2","6.8","62.3","26.5","-","**","0.0","11.9","-","**","20.7","20.3","13.8","11.1","11.7","6.7","27.7","12.8","14.9","5.9","23.7","12.0","17.2","8.7","4.7","4.6","5.8","9.2","5.6","3.9","5.1","4.0","4.3","4.2","5.9","4.4","24.4","25.0","32.3","36.5","0.0","71.8","14.9","5.5","2.3","2.4","12.8","9.4","37.3","11.7","(X)","(X)","(X)","(X)","(X)","(X)","(X)","(X)","(X)","(X)","(X)","(X)","(X)","(X)","(X)","(X)","41.8","13.6","51.2","21.6","35.0","11.1","100.0","58.2","-","**","100.0","67.2","34.6","23.8","19.3","21.5","21.9","23.2","60.1","26.2","40.0","24.1","52.9","21.9","(X)","(X)","8.3","9.1","36.2","27.3","72.6","13.8",
"1400000US25025160502","Census Tract 1605.02, Suffolk County, Massachusetts","5468","827","1575","448","668","370","907","248","1575","448","3412","555","1408","370","2004","312","636","159","481","160","2831","532","2637","432","2030","470","348","287","0","19","156","136","0","19","539","297","2395","780","3556","799","955","265","3427","408","1121","331","1333","279","599","262","374","134","2858","517","2673","500","1563","374","1110","277","185","117","70","55","115","117","4027","583","1813","488","1152","269","1062","239","551","308","2061","688","2273","697","2609","719","2710","714","3579","814","4176","894","4707","870","1371","322","770","200","601","222","0","19","0","19","90","84","264","136","276","215","239","114","193","98","134","134","175","92","6326","1527","559","223","407","185","405","144","1677","687","828","474","462","380","366","196","828","474","790","256","304","148","486","169","117","76","59","66","824","385","853","355","364","213","52","59","0","19","21","32","0","19","236","222","1004","603","1268","640","226","191","778","252","289","162","345","163","134","67","10","14","292","172","258","160","157","127","101","92","34","42","25","40","9","14","926","283","34","39","368","202","524","179","(X)","(X)","(X)","(X)","(X)","(X)","(X)","(X)","(X)","(X)","(X)","(X)","(X)","(X)","(X)","(X)","438","139","206","88","232","102","0","19","0","19","37","43","99","66","31","51","100","71","131","74","25","35","15","28","(X)","(X)","4","9","131","101","303","113","30.7","10.5","52.6","20.1","69.2","24.5","40.4","18.6","52.6","20.1","23.2","7.3","21.6","9.9","24.3","8.1","18.4","10.7","12.3","12.2","29.1","11.4","32.3","11.1","17.9","9.4","14.9","17.9","-","**","13.5","21.1","-","**","43.8","31.4","41.9","19.5","35.7","13.3","23.7","15.9","22.7","6.8","25.8","13.7","25.9","10.1","22.4","13.6","2.7","3.8","10.2","5.9","9.7","5.7","10.0","7.8","9.1","8.0","18.4","27.4","35.7","46.8","7.8","18.0","23.0","6.6","1.9","2.1","31.9","14.5","49.3","10.3","(X)","(X)","(X)","(X)","(X)","(X)","(X)","(X)","(X)","(X)","(X)","(X)","(X)","(X)","(X)","(X)","31.9","9.3","26.8","11.5","38.6","14.8","-","**","-","**","41.1","42.1","37.5","21.3","11.2","17.7","41.8","25.8","67.9","21.3","18.7","31.7","8.6","14.6","(X)","(X)","0.7","1.5","32.2","21.9","74.8","15.7",
"1400000US25025160601","Census Tract 1606.01, Suffolk County, Massachusetts","5118","1166","891","305","484","295","407","116","891","305","3830","964","1674","569","2156","492","678","184","397","143","2863","607","2255","731","2671","484","248","160","0","19","137","91","0","19","737","543","1325","1102","3058","1189","1399","311","3634","690","857","434","1025","278","855","421","897","188","3109","867","2833","692","1793","514","1040","243","276","210","141","136","135","168","4283","945","1838","494","1272","443","1173","359","248","114","805","268","1152","357","1616","458","1651","462","3136","1088","3827","1158","4326","1185","1651","428","1222","376","429","115","0","19","0","19","47","37","483","220","311","188","293","158","250","151","193","124","74","57","7179","1519","668","256","323","147","660","286","603","199","45","41","0","19","45","41","45","41","470","192","204","151","266","132","156","105","88","70","432","173","171","96","293","129","61","85","0","19","36","47","0","19","29","55","184","140","123","86","287","128","517","176","166","100","218","96","91","74","42","42","94","74","94","74","79","73","15","19","0","19","0","19","0","19","567","186","12","30","97","65","458","191","(X)","(X)","(X)","(X)","(X)","(X)","(X)","(X)","(X)","(X)","(X)","(X)","(X)","(X)","(X)","(X)","487","176","359","165","128","84","0","19","0","19","22","27","155","150","41","56","83","84","98","73","55","64","33","41","(X)","(X)","12","30","74","65","401","181","11.8","4.7","5.1","5.1","0.0","7.9","11.1","10.3","5.1","5.1","12.3","5.5","12.2","9.0","12.3","6.7","23.0","14.1","22.2","14.7","15.1","6.4","7.6","5.1","11.0","4.3","24.6","30.9","-","**","26.3","33.3","-","**","3.9","8.0","13.9","17.6","4.0","3.2","20.5","7.5","14.2","5.1","19.4","13.1","21.3","9.0","10.6","9.7","4.7","4.5","3.0","2.5","3.3","2.7","4.4","4.1","1.4","1.9","0.0","13.5","0.0","24.3","0.0","25.2","13.2","5.0","0.7","1.6","7.6","5.5","39.0","11.5","(X)","(X)","(X)","(X)","(X)","(X)","(X)","(X)","(X)","(X)","(X)","(X)","(X)","(X)","(X)","(X)","29.5","9.0","29.4","11.9","29.8","16.9","-","**","-","**","46.8","42.7","32.1","23.2","13.2","17.1","28.3","27.4","39.2","28.1","28.5","24.8","44.6","41.8","(X)","(X)","1.8","4.4","22.9","17.9","60.8","13.4",
"1400000US25025160602","Census Tract 1606.02, Suffolk County, Massachusetts","5098","550","1162","241","249","119","913","218","1162","241","3445","416","1414","286","2031","332","661","138","491","130","2581","331","2517","312","2239","476","614","163","0","19","453","239","0","19","669","296","1123","467","2663","526","1231","268","3404","356","975","299","1144","217","776","181","509","123","2686","312","2550","294","1462","229","1088","183","136","83","7","11","129","82","4050","422","1640","307","1221","273","1189","237","255","155","956","328","1253","482","1674","610","1748","609","2870","650","3764","641","4445","550","954","220","529","179","425","120","0","19","0","19","85","67","316","144","76","52","151","92","144","81","75","54","107","57","9286","2687","452","152","240","102","262","94","755","308","317","196","42","49","275","160","317","196","413","141","71","51","342","135","65","52","25","21","327","183","428","182","446","292","66","95","0","19","101","137","0","19","94","123","48","73","426","275","190","103","405","137","253","119","53","50","75","49","24","27","173","80","120","66","78","57","42","48","53","53","7","11","46","51","475","167","8","12","143","69","324","124","(X)","(X)","(X)","(X)","(X)","(X)","(X)","(X)","(X)","(X)","(X)","(X)","(X)","(X)","(X)","(X)","146","72","65","51","81","53","0","19","0","19","10","14","38","41","8","12","52","47","25","33","13","15","0","19","(X)","(X)","2","5","50","47","94","55","14.8","6.1","27.3","16.9","16.9","24.0","30.1","16.8","27.3","16.9","12.0","4.1","5.0","3.3","16.8","6.6","9.8","7.7","5.1","4.4","12.7","6.9","17.0","6.9","19.9","10.9","10.7","14.5","-","**","22.3","28.7","-","**","14.1","17.1","4.3","6.9","16.0","9.7","15.4","7.8","11.9","4.0","25.9","11.5","4.6","4.3","9.7","6.2","4.7","5.4","6.4","3.0","4.7","2.7","5.3","3.7","3.9","4.3","39.0","32.1","100.0","100.0","35.7","33.9","11.7","4.1","0.5","0.7","11.7","5.4","27.2","9.4","(X)","(X)","(X)","(X)","(X)","(X)","(X)","(X)","(X)","(X)","(X)","(X)","(X)","(X)","(X)","(X)","15.3","6.8","12.3","8.6","19.1","11.7","-","**","-","**","11.8","18.3","12.0","10.7","10.5","19.0","34.4","28.5","17.4","21.8","17.3","21.7","0.0","30.2","(X)","(X)","0.4","1.1","20.8","19.0","35.9","18.6",
"1400000US25025170101","Census Tract 1701.01, Suffolk County, Massachusetts","3420","560","852","317","300","151","552","262","852","317","2043","341","767","250","1276","262","708","270","525","239","1667","380","1753","290","2833","487","86","107","0","13","53","60","0","13","229","343","219","163","1214","499","2131","455","2403","422","397","237","1130","401","492","174","384","153","1949","363","1784","349","959","230","825","192","165","111","73","68","92","91","2578","421","1225","244","631","230","722","243","152","127","366","251","481","273","1210","484","1267","497","1496","500","1789","501","2513","575","626","246","275","163","351","156","0","13","0","13","26","41","122","132","120","103","2","2","136","133","81","86","139","95","7003","4337","265","173","124","86","237","129","365","251","150","171","38","54","112","125","150","171","120","87","62","65","58","60","95","89","95","89","115","154","250","155","279","228","65","104","0","13","21","34","0","13","0","13","0","13","126","124","217","221","189","119","19","31","141","115","29","33","0","13","102","78","102","78","0","13","102","78","0","13","0","13","0","13","215","124","35","51","67","61","113","102","(X)","(X)","(X)","(X)","(X)","(X)","(X)","(X)","(X)","(X)","(X)","(X)","(X)","(X)","(X)","(X)","160","113","9","11","151","113","0","13","0","13","26","41","36","55","1","3","2","2","0","13","21","34","74","84","(X)","(X)","0","13","47","54","113","102","10.7","7.4","17.6","19.6","12.7","18.8","20.3","23.2","17.6","19.6","5.9","4.1","8.1","7.7","4.5","4.8","13.4","11.6","18.1","15.6","6.9","9.0","14.3","8.7","9.8","7.8","75.6","50.3","-","**","39.6","41.2","-","**","0.0","16.0","0.0","16.6","10.4","10.2","10.2","10.0","7.9","4.8","4.8","8.0","12.5","8.6","5.9","7.0","0.0","9.9","5.2","4.1","5.7","4.4","0.0","4.1","12.4","9.3","0.0","21.3","0.0","38.5","0.0","33.6","8.3","4.7","2.9","4.2","10.6","9.5","15.7","12.3","(X)","(X)","(X)","(X)","(X)","(X)","(X)","(X)","(X)","(X)","(X)","(X)","(X)","(X)","(X)","(X)","25.6","15.5","3.3","4.9","43.0","23.4","-","**","-","**","100.0","64.5","29.5","55.8","0.8","2.5","100.0","100.0","0.0","25.1","25.9","42.3","53.2","38.0","(X)","(X)","0.0","14.0","37.9","35.3","47.7","31.6",
"1400000US25025170102","Census Tract 1701.02, Suffolk County, Massachusetts","4296","967","925","334","348","253","577","206","879","352","2653","686","568","228","2085","543","930","252","718","161","2374","686","1922","416","2475","526","294","181","0","13","197","163","0","13","419","368","911","781","1928","878","1862","486","3136","670","508","309","1365","351","916","303","347","150","2287","678","2099","560","1337","484","762","196","188","154","25","27","163","148","3444","714","1576","534","757","242","1111","300","148","169","670","398","954","414","1070","431","1104","433","1956","732","2907","927","3356","931","1223","492","628","362","595","203","46","72","0","13","0","13","214","180","389","391","172","248","92","60","198","90","112","92","N","N","524","355","259","191","440","292","171","170","0","13","0","13","0","13","0","13","51","82","0","13","51","82","120","98","120","98","46","50","125","158","171","170","0","13","0","13","0","13","0","13","0","13","0","13","148","169","23","27","171","170","86","92","80","88","5","7","0","13","0","13","0","13","0","13","0","13","0","13","0","13","0","13","171","170","0","13","0","13","171","170","(X)","(X)","(X)","(X)","(X)","(X)","(X)","(X)","(X)","(X)","(X)","(X)","(X)","(X)","(X)","(X)","163","170","41","48","122","158","0","13","0","13","0","13","0","13","0","13","51","82","0","13","67","58","45","73","(X)","(X)","0","13","0","13","163","170","4.0","4.2","0.0","4.2","0.0","10.8","0.0","6.7","0.0","4.4","1.9","3.2","0.0","6.8","2.4","4.0","12.9","11.1","16.7","13.1","1.9","2.1","6.5","8.5","6.9","6.6","0.0","12.7","-","**","0.0","18.3","-","**","0.0","9.1","0.0","4.3","7.7","10.0","1.2","1.5","5.5","5.6","16.9","22.7","5.9","6.0","0.5","0.9","0.0","10.9","0.0","1.7","0.0","1.9","0.0","2.9","0.0","5.1","0.0","19.0","0.0","65.8","0.0","21.5","5.0","5.1","0.0","2.5","0.0","5.1","15.4","13.0","(X)","(X)","(X)","(X)","(X)","(X)","(X)","(X)","(X)","(X)","(X)","(X)","(X)","(X)","(X)","(X)","13.3","13.6","6.5","7.9","20.5","26.8","0.0","48.5","-","**","-","**","0.0","17.0","0.0","9.8","29.7","10.6","0.0","33.6","33.8","27.8","40.2","50.1","(X)","(X)","0.0","7.3","0.0","14.3","37.0","18.7",
"1400000US25025170200","Census Tract 1702, Suffolk County, Massachusetts","4628","594","1154","223","396","155","758","175","1154","223","2693","386","806","220","1887","340","1271","323","781","212","2364","418","2264","268","3582","642","344","225","0","13","76","55","0","13","352","231","274","292","939","436","3039","506","3157","435","453","156","1409","343","755","164","540","144","2098","320","1958","296","1093","235","865","180","140","75","36","28","104","68","3540","443","1369","262","736","199","1435","292","379","270","1541","513","1806","514","2040","513","2143","535","2988","585","3291","613","3698","609","998","292","484","254","514","164","0","13","0","13","41","53","83","73","103","75","51","38","283","169","121","102","316","171","7366","1270","288","129","185","114","525","205","818","337","240","128","65","66","175","87","240","128","442","204","149","112","293","133","172","180","136","176","433","236","385","158","760","330","58","59","0","13","0","13","0","13","0","13","0","13","89","88","698","332","436","224","50","41","270","205","90","47","26","32","154","92","111","73","57","41","54","58","43","35","9","14","34","31","603","267","30","29","150","77","423","247","(X)","(X)","(X)","(X)","(X)","(X)","(X)","(X)","(X)","(X)","(X)","(X)","(X)","(X)","(X)","(X)","237","190","131","176","106","72","0","13","0","13","41","53","7","10","23","36","10","13","37","36","7","11","112","174","(X)","(X)","14","17","64","63","159","177","17.7","6.7","20.8","10.6","16.4","16.6","23.1","10.4","20.8","10.6","16.4","7.1","18.5","12.0","15.5","6.8","13.5","12.7","17.4","19.8","18.3","9.2","17.0","6.4","21.2","8.0","16.9","14.0","-","**","0.0","37.7","-","**","0.0","10.7","0.0","13.6","9.5","10.8","23.0","9.2","13.8","6.4","11.0","9.3","19.2","12.1","11.9","6.6","4.8","5.6","7.3","4.3","5.7","3.7","5.2","4.0","6.2","6.6","30.7","26.8","25.0","38.6","32.7","34.7","17.0","6.8","2.2","2.1","20.4","9.6","29.5","14.2","(X)","(X)","(X)","(X)","(X)","(X)","(X)","(X)","(X)","(X)","(X)","(X)","(X)","(X)","(X)","(X)","23.7","17.3","27.1","31.8","20.6","13.1","-","**","-","**","100.0","51.4","8.4","13.9","22.3","33.7","19.6","24.3","13.1","13.8","5.8","12.8","35.4","42.8","(X)","(X)","4.9","6.2","34.6","31.4","30.3","27.3",
"1400000US25025170301","Census Tract 1703.01, Suffolk County, Massachusetts","6775","1063","1368","412","501","239","867","268","1336","430","4802","894","1883","478","2919","599","1232","379","605","192","3184","587","3591","636","5443","1193","44","49","0","19","261","192","0","19","564","458","463","432","2315","626","4108","1035","4970","899","737","408","1823","392","973","440","1437","751","4462","897","4292","866","2020","504","2272","570","170","134","74","76","96","127","5538","885","2790","727","1717","429","1031","276","305","196","617","319","1067","473","1286","506","1286","506","1711","589","3621","855","4835","1264","749","369","336","168","413","243","32","46","0","19","5","10","156","129","32","35","262","245","101","59","61","63","100","73","12228","1521","340","254","86","73","323","144","353","210","95","98","16","26","79","94","63","85","242","182","79","102","163","151","16","28","16","28","119","91","234","155","330","216","2","3","0","19","20","42","0","19","0","19","1","2","111","121","220","188","246","173","1","3","170","143","7","17","68","101","89","84","51","60","0","19","51","60","38","61","38","61","0","19","258","177","0","19","51","60","207","169","(X)","(X)","(X)","(X)","(X)","(X)","(X)","(X)","(X)","(X)","(X)","(X)","(X)","(X)","(X)","(X)","159","123","59","67","100","103","32","46","0","19","0","19","67","100","4","7","40","61","0","19","4","18","12","20","(X)","(X)","0","19","0","19","159","123","5.2","3.2","6.9","8.1","3.2","5.6","9.1","11.6","4.7","6.9","5.0","3.8","4.2","5.5","5.6","5.1","1.3","2.4","2.6","4.6","3.7","3.0","6.5","4.3","6.1","4.1","4.5","12.6","-","**","7.7","14.6","-","**","0.0","6.8","0.2","0.7","4.8","4.9","5.4","4.8","4.9","3.5","0.1","0.4","9.3","7.8","0.7","1.9","4.7","7.0","2.0","1.9","1.2","1.4","0.0","2.0","2.2","2.7","22.4","34.0","51.4","51.4","0.0","32.7","4.7","3.2","0.0","1.4","3.0","3.5","20.1","14.2","(X)","(X)","(X)","(X)","(X)","(X)","(X)","(X)","(X)","(X)","(X)","(X)","(X)","(X)","(X)","(X)","21.2","9.4","17.6","18.1","24.2","14.7","100.0","58.2","-","**","0.0","100.0","42.9","46.9","12.5","26.3","15.3","27.2","0.0","31.5","6.6","30.6","12.0","20.6","(X)","(X)","0.0","11.1","0.0","35.1","49.2","24.6",
"1400000US25025170302","Census Tract 1703.02, Suffolk County, Massachusetts","3227","467","571","206","178","134","393","153","571","206","2456","339","1135","248","1321","311","312","190","200","124","1877","366","1350","252","2163","393","562","463","0","13","195","152","0","13","218","174","89","77","717","263","1726","448","2375","371","159","93","873","279","339","160","1004","332","1962","362","1946","365","1254","268","692","178","16","26","0","13","16","26","2693","388","1486","313","626","168","581","201","426","238","634","313","645","314","725","325","906","318","1299","401","1745","489","1990","476","1020","308","639","262","381","143","0","13","0","13","89","64","410","207","202","179","202","176","49","51","53","45","15","25","11143","1676","617","269","205","107","198","120","449","237","56","68","41","64","15","23","56","68","393","188","252","167","141","91","0","13","0","13","159","116","290","179","227","200","52","83","0","13","66","66","0","13","88","105","16","26","25","38","227","200","313","174","0","13","152","114","39","60","122","105","103","62","87","59","32","36","55","51","16","26","0","13","16","26","408","197","0","13","87","59","321","186","(X)","(X)","(X)","(X)","(X)","(X)","(X)","(X)","(X)","(X)","(X)","(X)","(X)","(X)","(X)","(X)","245","136","103","98","142","98","0","13","0","13","41","51","97","110","68","77","39","43","0","13","0","13","0","13","(X)","(X)","0","13","70","54","175","121","13.9","7.5","9.8","12.5","23.0","38.3","3.8","6.0","9.8","12.5","16.0","7.6","22.2","12.8","10.7","6.7","0.0","12.0","0.0","18.0","8.5","6.4","21.5","12.6","10.5","8.8","9.3","18.3","-","**","33.8","34.2","-","**","40.4","32.4","18.0","27.6","3.5","4.9","13.2","11.1","13.2","7.3","0.0","22.0","17.4","11.4","11.5","17.7","12.2","11.0","5.2","3.1","4.5","3.0","2.6","2.9","7.9","7.2","100.0","82.2","-","**","100.0","82.2","15.2","7.3","0.0","2.7","13.9","9.4","55.2","22.2","(X)","(X)","(X)","(X)","(X)","(X)","(X)","(X)","(X)","(X)","(X)","(X)","(X)","(X)","(X)","(X)","24.0","13.2","16.1","15.5","37.3","21.5","-","**","-","**","46.1","41.6","23.7","23.1","33.7","31.0","19.3","24.9","0.0","47.0","0.0","45.2","0.0","84.9","(X)","(X)","0.0","6.3","34.1","24.8","88.4","14.2",
"1400000US25025170400","Census Tract 1704, Suffolk County, Massachusetts","4603","773","954","304","174","69","780","300","930","305","2994","566","879","271","2115","389","949","172","655","143","2332","370","2271","481","3562","826","367","306","0","13","192","190","0","13","361","259","121","130","1179","300","2744","729","3193","445","527","156","1292","380","563","168","811","263","2785","645","2435","453","1336","281","1099","273","350","321","75","63","275","304","3832","694","1777","427","1103","351","952","211","192","105","961","395","986","396","1262","458","1607","524","1890","581","2730","886","3658","807","966","240","390","151","576","174","24","28","0","13","52","51","205","104","20","32","37","39","258","151","159","91","211","88","8340","1741","416","190","160","94","390","134","653","305","188","151","14","34","174","146","164","151","387","216","91","93","296","198","211","113","78","63","251","148","402","198","384","200","67","82","0","13","89","150","0","13","25","40","88","124","25","40","384","200","460","215","39","44","210","134","67","69","144","83","250","152","220","150","120","114","100","98","30","50","15","25","15","25","503","222","59","81","176","129","268","136","(X)","(X)","(X)","(X)","(X)","(X)","(X)","(X)","(X)","(X)","(X)","(X)","(X)","(X)","(X)","(X)","272","123","110","62","162","107","24","28","0","13","5","8","86","91","7","11","0","13","72","75","45","54","33","32","(X)","(X)","59","81","72","77","141","85","14.2","6.4","19.7","12.6","8.0","20.2","22.3","13.9","17.6","13.3","12.9","7.5","10.4","11.0","14.0","9.6","22.2","10.5","11.9","9.0","10.8","6.6","17.7","7.8","10.8","5.9","18.3","11.7","-","**","46.4","53.1","-","**","6.9","11.5","72.7","51.9","2.1","3.2","14.0","7.8","14.4","6.9","7.4","7.8","16.3","11.0","11.9","12.0","17.8","12.2","9.0","5.8","9.0","6.1","9.0","8.5","9.1","7.9","8.6","16.5","20.0","32.8","5.5","13.4","13.1","6.2","3.3","4.3","16.0","12.0","28.2","12.2","(X)","(X)","(X)","(X)","(X)","(X)","(X)","(X)","(X)","(X)","(X)","(X)","(X)","(X)","(X)","(X)","28.2","10.2","28.2","15.7","28.1","15.2","100.0","67.2","-","**","9.6","23.2","42.0","33.8","35.0","13.0","0.0","54.1","27.9","26.7","28.3","28.3","15.6","16.0","(X)","(X)","14.2","16.4","45.0","32.8","36.2","17.3",
"1400000US25025170502","Census Tract 1705.02, Suffolk County, Massachusetts","2978","685","562","350","146","117","416","280","562","350","1669","393","608","235","1061","231","1018","180","747","151","1486","413","1492","338","2360","455","0","13","0","13","138","142","0","13","421","496","59","59","523","500","2251","444","2314","414","244","130","918","212","400","133","752","155","1219","311","1120","269","619","203","501","142","99","77","80","64","19","29","2585","510","916","247","387","137","1282","315","267","185","598","282","981","492","1080","494","1086","493","1362","520","1693","545","2065","669","960","221","481","180","479","98","0","13","0","13","19","30","152","118","79","50","72","56","224","90","150","68","264","86","7187","1778","348","150","87","51","525","146","440","263","147","137","88","90","59","95","147","137","239","152","87","84","152","88","95","47","54","26","94","73","346","223","412","262","0","13","0","13","13","17","0","13","0","13","15","23","15","23","412","262","288","149","52","67","129","70","52","59","55","45","20","20","20","20","0","13","20","20","0","13","0","13","0","13","308","159","9","16","63","64","236","118","(X)","(X)","(X)","(X)","(X)","(X)","(X)","(X)","(X)","(X)","(X)","(X)","(X)","(X)","(X)","(X)","169","70","61","45","108","51","0","13","0","13","5","9","3","5","24","28","18","21","65","51","23","18","31","23","(X)","(X)","9","16","30","30","130","62","14.8","8.1","26.2","24.8","60.3","40.8","14.2","21.9","26.2","24.8","14.3","8.3","14.3","12.0","14.3","8.0","9.3","4.9","7.2","3.8","6.3","5.1","23.2","12.1","17.5","9.2","-","**","-","**","9.4","19.3","-","**","0.0","9.1","25.4","30.7","2.9","5.7","18.3","9.5","12.4","6.0","21.3","23.5","14.1","8.0","13.0","13.3","7.3","5.8","1.6","1.6","1.8","1.8","0.0","6.3","4.0","3.8","0.0","32.0","0.0","36.7","0.0","75.5","11.9","5.8","1.0","1.8","16.3","14.4","18.4","8.8","(X)","(X)","(X)","(X)","(X)","(X)","(X)","(X)","(X)","(X)","(X)","(X)","(X)","(X)","(X)","(X)","17.6","6.9","12.7","9.4","22.5","9.8","-","**","-","**","26.3","20.0","2.0","4.9","30.4","30.1","25.0","31.4","29.0","17.8","15.3","13.4","11.7","9.2","(X)","(X)","2.6","5.1","34.5","23.8","24.8","9.9",
"1400000US25025170503","Census Tract 1705.03, Suffolk County, Massachusetts","1436","220","300","109","10","16","290","110","289","107","795","158","130","65","665","119","494","150","341","115","669","160","767","175","1053","223","34","53","0","13","53","50","0","13","140","215","156","147","462","302","826","237","1106","159","125","76","313","162","274","89","394","122","719","162","708","160","329","120","379","119","11","18","0","13","11","18","1147","168","498","132","245","99","404","118","50","50","228","151","303","163","330","162","550","316","807","239","942","244","1061","245","399","92","273","84","126","70","0","13","11","18","0","13","27","33","48","43","29","43","129","74","79","51","76","52","N","N","166","80","45","32","188","75","219","151","11","18","0","13","11","18","0","13","127","84","0","13","127","84","132","146","81","96","115","69","104","99","185","109","34","53","0","13","0","13","0","13","0","13","0","13","11","18","174","108","208","151","39","44","106","145","19","16","44","51","42","52","42","52","9","15","33","51","0","13","0","13","0","13","219","151","0","13","54","55","165","105","(X)","(X)","(X)","(X)","(X)","(X)","(X)","(X)","(X)","(X)","(X)","(X)","(X)","(X)","(X)","(X)","86","64","60","50","26","43","0","13","11","18","0","13","0","13","0","13","29","43","26","43","0","13","20","22","(X)","(X)","0","13","0","13","86","64","15.3","10.2","3.7","6.0","0.0","100.0","3.8","6.3","0.0","12.9","16.0","10.7","0.0","26.0","19.1","12.6","26.7","24.2","23.8","24.3","17.2","9.7","13.6","12.5","17.6","10.4","100.0","56.4","-","**","0.0","45.2","-","**","0.0","24.5","0.0","22.4","2.4","4.3","21.1","13.0","18.8","12.9","31.2","32.4","33.9","35.5","6.9","6.9","11.2","12.3","5.8","7.4","5.9","7.5","2.7","4.5","8.7","13.3","0.0","99.2","-","**","0.0","99.2","19.1","12.4","0.0","7.7","22.0","21.7","40.8","19.9","(X)","(X)","(X)","(X)","(X)","(X)","(X)","(X)","(X)","(X)","(X)","(X)","(X)","(X)","(X)","(X)","21.6","16.5","22.0","17.3","20.6","29.9","-","**","100.0","99.2","-","**","0.0","63.3","0.0","47.5","100.0","61.1","20.2","30.1","0.0","36.9","26.3","28.3","(X)","(X)","0.0","21.2","0.0","49.0","45.7","27.1",
"1400000US25025170504","Census Tract 1705.04, Suffolk County, Massachusetts","2282","496","393","129","202","136","191","90","393","129","1703","399","804","385","899","197","226","88","186","86","1079","252","1203","292","1839","523","95","76","0","13","75","60","0","13","132","117","141","102","933","532","1095","240","1691","368","184","106","467","192","319","121","721","143","1479","399","1316","308","686","170","630","188","163","121","130","110","33","30","1942","399","998","187","512","278","432","137","124","71","318","142","318","142","518","205","525","206","1122","533","1404","536","1622","514","678","212","352","151","326","135","0","13","0","13","100","69","156","103","160","86","115","94","72","42","15","16","60","50","7292","2099","353","147","126","94","199","99","239","114","0","13","0","13","0","13","0","13","218","108","128","89","90","63","29","35","21","33","150","100","89","55","201","95","0","13","0","13","3","4","0","13","35","55","0","13","99","87","137","74","158","81","35","47","52","45","28","26","43","33","63","63","63","63","57","63","6","10","0","13","0","13","0","13","239","114","38","55","42","36","159","87","(X)","(X)","(X)","(X)","(X)","(X)","(X)","(X)","(X)","(X)","(X)","(X)","(X)","(X)","(X)","(X)","227","113","146","99","81","54","0","13","0","13","77","64","39","40","26","32","35","47","29","25","0","13","21","33","(X)","(X)","38","55","42","36","147","85","10.5","5.5","0.0","9.7","0.0","17.9","0.0","18.8","0.0","9.7","12.8","6.8","15.9","13.4","10.0","7.0","12.8","14.3","11.3","16.2","13.9","8.8","7.4","5.3","10.9","6.2","0.0","32.9","-","**","4.0","6.6","-","**","26.5","39.1","0.0","24.3","10.6","11.4","12.5","7.2","9.3","5.3","19.0","25.1","11.1","11.6","8.8","8.8","6.0","4.7","4.3","4.4","4.8","4.9","8.3","8.8","1.0","1.7","0.0","21.5","0.0","26.0","0.0","57.3","12.3","6.2","3.8","5.4","8.2","8.4","36.8","15.4","(X)","(X)","(X)","(X)","(X)","(X)","(X)","(X)","(X)","(X)","(X)","(X)","(X)","(X)","(X)","(X)","33.5","12.9","41.5","20.1","24.8","15.1","-","**","-","**","77.0","21.2","25.0","24.2","16.3","19.4","30.4","38.3","40.3","28.9","0.0","84.9","35.0","46.9","(X)","(X)","10.8","14.2","33.3","29.7","73.9","18.5",
"1400000US25025170601","Census Tract 1706.01, Suffolk County, Massachusetts","5591","769","1091","297","378","146","713","246","1091","297","3710","572","1135","270","2575","469","1338","290","790","186","2641","467","2950","433","4053","627","84","73","15","27","55","63","0","19","998","507","386","328","2579","718","2547","566","4064","568","964","271","1398","408","729","173","973","263","2931","380","2844","375","1533","297","1311","200","87","63","24","29","63","58","4500","621","1913","248","1080","254","1507","446","111","95","900","539","1127","563","1305","556","1458","595","2460","731","3184","790","4142","850","658","178","338","85","320","141","0","19","0","19","51","83","42","40","191","80","51","33","155","82","95","49","73","46","7073","1696","294","109","156","106","208","89","398","268","137","192","51","77","86","115","137","192","164","119","52","83","112","69","119","59","97","53","168","125","230","161","368","265","10","24","15","27","5","9","0","19","0","19","0","19","172","245","196","135","210","89","45","41","69","51","30","23","66","58","77","68","61","62","16","26","45","60","16","27","1","2","15","27","261","141","16","26","83","83","162","78","(X)","(X)","(X)","(X)","(X)","(X)","(X)","(X)","(X)","(X)","(X)","(X)","(X)","(X)","(X)","(X)","196","135","68","48","128","112","0","19","0","19","51","83","1","2","17","19","0","19","57","47","38","31","32","37","(X)","(X)","0","19","76","83","120","73","7.1","4.8","12.6","16.2","13.5","19.3","12.1","15.3","12.6","16.2","4.4","3.4","4.6","7.1","4.3","2.8","8.9","4.8","12.3","6.5","6.4","4.8","7.8","5.4","9.1","6.2","11.9","28.7","100.0","84.9","9.1","22.0","-","**","0.0","3.9","0.0","9.8","6.7","9.5","7.7","5.2","5.2","2.5","4.7","4.4","4.9","4.1","4.1","3.3","6.8","6.0","2.6","2.4","2.1","2.2","1.0","1.7","3.4","4.5","18.4","23.6","4.2","13.0","23.8","37.8","5.8","3.3","0.8","1.3","7.7","7.4","10.7","6.2","(X)","(X)","(X)","(X)","(X)","(X)","(X)","(X)","(X)","(X)","(X)","(X)","(X)","(X)","(X)","(X)","29.8","15.9","20.1","14.2","40.0","21.9","-","**","-","**","100.0","46.1","2.4","6.2","8.9","10.0","0.0","46.1","36.8","25.8","40.0","27.4","43.8","38.3","(X)","(X)","0.0","12.7","48.7","28.1","57.7","22.2",
"1400000US25025170701","Census Tract 1707.01, Suffolk County, Massachusetts","1869","306","295","153","74","40","221","148","295","153","1355","202","421","96","934","194","340","68","219","57","957","164","912","239","1294","300","76","61","0","13","107","86","0","13","171","136","221","95","700","253","875","142","1430","179","245","102","509","155","319","92","357","91","1138","174","1047","175","540","158","507","97","91","63","71","49","20","26","1584","192","681","138","406","101","497","117","43","37","309","105","372","117","447","127","624","175","1170","321","1410","359","1505","356","604","147","394","138","210","68","0","13","0","13","13","15","116","62","184","87","69","52","109","57","92","38","21","16","5020","1816","304","133","84","47","216","59","281","107","28","29","9","14","19","24","28","29","233","101","62","53","171","78","28","24","20","21","119","59","162","79","255","102","7","10","0","13","10","25","0","13","0","13","9","14","26","29","238","97","240","94","83","78","100","55","40","32","17","26","131","74","72","49","13","12","59","45","59","62","42","46","17","25","255","99","6","9","86","52","163","80","(X)","(X)","(X)","(X)","(X)","(X)","(X)","(X)","(X)","(X)","(X)","(X)","(X)","(X)","(X)","(X)","161","73","76","48","85","54","0","13","0","13","0","13","15","22","82","56","25","29","19","19","20","21","0","13","(X)","(X)","0","13","40","38","121","53","15.0","6.3","9.5","11.3","12.2","17.8","8.6","13.8","9.5","11.3","17.2","7.4","14.7","11.8","18.3","8.6","8.2","7.2","9.1","9.5","12.4","6.6","17.8","9.2","19.7","9.2","9.2","14.6","-","**","9.3","20.7","-","**","0.0","20.7","4.1","6.5","3.7","4.7","27.2","11.5","16.8","6.9","33.9","24.7","19.6","11.0","12.5","9.6","4.8","7.1","11.5","6.6","6.9","4.8","2.4","2.6","11.6","8.3","64.8","38.3","59.2","39.8","85.0","44.6","16.1","6.5","0.9","1.4","21.2","12.4","32.8","13.9","(X)","(X)","(X)","(X)","(X)","(X)","(X)","(X)","(X)","(X)","(X)","(X)","(X)","(X)","(X)","(X)","26.7","12.3","19.3","14.0","40.5","18.9","-","**","-","**","0.0","91.2","12.9","20.2","44.6","27.7","36.2","44.2","17.4","17.7","21.7","20.9","0.0","71.8","(X)","(X)","0.0","12.3","47.6","31.5","56.0","16.8",
"1400000US25025170702","Census Tract 1707.02, Suffolk County, Massachusetts","5738","992","1065","389","278","173","787","350","1065","389","4067","869","1722","606","2345","417","815","214","606","165","3001","648","2737","619","3116","521","242","229","0","19","340","263","0","19","373","300","1667","924","3604","1027","1438","441","3968","646","858","286","1813","535","678","249","619","265","3394","739","3146","613","1904","451","1242","359","248","187","165","185","83","95","4831","885","1838","387","1570","565","1423","433","293","227","1599","847","1791","892","2499","947","2762","931","3585","1009","4484","957","5074","941","1370","537","836","401","534","281","0","19","0","19","35","55","647","374","269","254","81","82","85","103","174","95","79","59","7190","2658","687","316","384","308","299","150","988","559","296","281","72","116","224","258","296","281","532","363","253","200","279","204","160","80","160","80","456","243","532","364","396","213","2","4","0","19","0","19","0","19","222","312","368","438","598","534","388","212","593","280","185","119","280","170","128","125","0","19","229","190","145","131","145","131","0","19","84","96","1","16","83","95","716","396","82","99","243","251","391","181","(X)","(X)","(X)","(X)","(X)","(X)","(X)","(X)","(X)","(X)","(X)","(X)","(X)","(X)","(X)","(X)","285","169","191","144","94","75","0","19","0","19","0","19","108","112","0","19","1","16","65","96","42","59","69","54","(X)","(X)","56","95","8","19","221","138","17.2","8.8","27.8","20.5","25.9","34.1","28.5","25.5","27.8","20.5","13.1","8.6","14.7","11.8","11.9","8.6","19.6","10.6","26.4","13.5","15.2","7.3","19.4","11.9","12.7","6.6","0.8","2.0","-","**","0.0","11.1","-","**","59.5","51.8","22.1","23.7","16.6","13.2","27.0","13.1","14.9","6.7","21.6","15.4","15.4","10.1","18.9","16.0","0.0","6.3","6.7","5.5","4.6","4.3","7.6","7.0","0.0","3.2","33.9","43.0","0.6","12.5","100.0","35.9","14.8","8.0","4.5","5.3","15.5","14.5","27.5","13.8","(X)","(X)","(X)","(X)","(X)","(X)","(X)","(X)","(X)","(X)","(X)","(X)","(X)","(X)","(X)","(X)","20.8","12.8","22.8","17.9","17.6","15.3","-","**","-","**","0.0","55.6","16.7","17.7","0.0","13.8","1.2","20.9","76.5","50.3","24.1","29.0","87.3","19.8","(X)","(X)","8.2","13.2","2.1","6.4","73.9","20.1",
"1400000US25025170800","Census Tract 1708, Suffolk County, Massachusetts","6026","799","1127","347","410","186","717","219","1127","347","4106","573","1382","362","2724","471","1042","263","793","233","3181","577","2845","474","4577","761","222","338","100","161","204","141","0","19","662","396","261","190","2604","761","2645","542","4344","567","805","307","1580","423","1103","322","856","284","3344","521","2989","489","1876","361","1113","222","355","241","90","95","265","215","5043","647","2157","364","1363","361","1523","309","583","440","1318","508","1550","565","1886","646","2034","698","2908","776","3654","744","4129","726","1385","423","590","211","795","360","0","19","0","19","19","31","389","303","257","164","275","221","130","99","198","159","117","63","7915","4150","647","236","238","207","500","239","1190","485","364","252","77","81","287","199","364","252","634","293","194","159","440","233","192","166","192","166","539","270","651","286","903","406","0","19","0","19","31","46","0","19","128","142","128","154","505","379","493","248","787","340","161","158","353","233","151","168","122","119","271","181","192","138","133","117","59","70","79","93","55","84","24","41","875","353","126","125","210","174","539","260","(X)","(X)","(X)","(X)","(X)","(X)","(X)","(X)","(X)","(X)","(X)","(X)","(X)","(X)","(X)","(X)","372","295","94","112","278","220","0","19","0","19","0","19","131","149","29","45","78","111","0","19","105","146","29","31","(X)","(X)","77","112","3","3","292","225","19.7","7.8","32.3","20.1","18.8","18.7","40.0","23.0","32.3","20.1","15.4","6.7","14.0","10.1","16.2","8.5","18.4","13.4","24.2","16.8","16.9","8.9","22.9","8.2","19.7","9.0","0.0","16.4","0.0","31.7","15.2","22.6","-","**","19.3","17.6","49.0","39.5","19.4","14.3","18.6","9.2","18.1","7.1","20.0","17.0","22.3","13.1","13.7","12.9","14.3","12.6","8.1","5.5","6.4","4.7","7.1","6.4","5.3","6.3","22.3","26.7","61.1","54.9","9.1","21.8","17.4","6.8","5.8","6.0","15.4","12.5","35.4","13.7","(X)","(X)","(X)","(X)","(X)","(X)","(X)","(X)","(X)","(X)","(X)","(X)","(X)","(X)","(X)","(X)","26.9","16.6","15.9","17.8","35.0","19.7","-","**","-","**","0.0","75.5","33.7","25.4","11.3","18.5","28.4","39.1","0.0","26.0","53.0","49.2","24.8","27.6","(X)","(X)","11.9","16.7","1.3","2.5","58.4","25.8",
"1400000US25025180101","Census Tract 1801.01, Suffolk County, Massachusetts","5062","486","886","251","117","76","769","246","886","251","3223","449","1027","437","2196","368","1437","246","953","226","2117","322","2945","338","4402","467","413","389","0","19","19","31","0","19","49","77","179","169","728","481","3867","437","4040","372","180","148","1146","299","1064","308","1650","416","3134","489","2875","382","1389","244","1486","263","259","182","135","123","124","135","4314","458","2114","385","1059","352","1141","234","82","70","792","417","894","401","1275","573","1340","564","2375","674","3020","694","3174","693","1618","459","600","214","1018","314","0","19","0","19","72","99","446","318","74","63","192","166","259","126","300","120","275","133","N","N","797","349","351","193","470","146","604","398","157","174","47","56","110","165","157","174","379","233","64","99","315","223","98","75","68","68","175","175","429","240","604","398","0","19","0","19","0","19","0","19","0","19","0","19","0","19","604","398","383","235","0","19","273","229","6","10","104","79","293","218","229","207","100","107","129","119","64","99","0","19","64","99","499","300","0","19","293","218","206","117","(X)","(X)","(X)","(X)","(X)","(X)","(X)","(X)","(X)","(X)","(X)","(X)","(X)","(X)","(X)","(X)","201","131","12","19","189","130","0","19","0","19","64","99","0","19","23","39","34","54","45","43","0","19","35","41","(X)","(X)","0","19","121","114","80","59","11.9","7.5","17.7","17.7","40.2","40.0","14.3","19.4","17.7","17.7","11.8","6.7","6.2","8.0","14.3","9.6","6.8","5.2","7.1","7.1","8.3","8.0","14.6","7.9","13.7","8.6","0.0","9.2","-","**","0.0","75.5","-","**","0.0","47.0","0.0","19.9","0.0","5.3","15.6","9.6","9.5","5.8","0.0","19.8","23.8","17.4","0.6","1.0","6.3","4.9","9.3","6.6","8.0","7.1","7.2","7.6","8.7","7.8","24.7","34.1","0.0","25.2","51.6","51.6","11.6","6.7","0.0","1.9","27.7","18.1","18.1","9.8","(X)","(X)","(X)","(X)","(X)","(X)","(X)","(X)","(X)","(X)","(X)","(X)","(X)","(X)","(X)","(X)","12.4","6.8","2.0","3.4","18.6","10.3","-","**","-","**","88.9","33.1","0.0","8.6","31.1","46.4","17.7","30.2","17.4","17.4","0.0","12.5","12.7","14.6","(X)","(X)","0.0","4.9","34.5","25.2","17.0","11.8",
"1400000US25025180200","Census Tract 1802, Suffolk County, Massachusetts","4312","366","819","170","280","166","539","175","799","167","2454","323","759","244","1695","223","1247","182","1039","172","2163","237","2149","280","3929","391","175","165","0","13","25","30","0","13","132","133","51","40","362","226","3819","409","3151","247","136","83","1080","250","902","207","1033","221","2530","356","2393","321","1205","176","1188","241","137","85","65","70","72","56","3743","371","1626","181","979","307","1138","213","215","140","453","198","593","251","650","252","660","252","1459","455","1907","451","2289","459","1054","218","520","159","534","178","9","14","11","18","38","38","228","159","156","126","64","37","135","57","203","89","210","130","8531","2436","446","156","190","100","418","139","256","144","89","83","0","13","89","83","69","81","123","68","27","33","96","60","52","48","44","47","129","97","127","73","207","139","2","4","0","13","9","14","0","13","30","41","8","12","30","41","207","139","141","76","1","5","49","41","74","62","17","26","85","60","85","60","32","43","53","43","0","13","0","13","0","13","178","86","38","45","48","41","92","60","(X)","(X)","(X)","(X)","(X)","(X)","(X)","(X)","(X)","(X)","(X)","(X)","(X)","(X)","(X)","(X)","148","73","52","39","96","65","9","14","11","18","26","33","1","2","29","33","19","25","9","13","0","13","44","47","(X)","(X)","6","14","48","41","94","60","5.9","3.4","10.9","11.2","0.0","13.3","16.5","15.2","8.6","10.9","5.0","2.8","3.6","4.1","5.7","3.5","4.2","3.8","4.2","4.5","6.0","4.5","5.9","3.5","5.3","3.7","1.1","3.0","-","**","36.0","49.0","-","**","22.7","14.4","15.7","24.4","8.3","10.1","5.4","3.8","4.5","2.4","0.7","3.9","4.5","3.4","8.2","6.5","1.6","2.5","3.4","2.5","3.6","2.6","2.7","3.6","4.5","3.6","0.0","24.9","0.0","40.8","0.0","38.8","4.8","2.3","2.3","2.8","4.9","4.5","8.1","5.4","(X)","(X)","(X)","(X)","(X)","(X)","(X)","(X)","(X)","(X)","(X)","(X)","(X)","(X)","(X)","(X)","14.0","7.0","10.0","7.6","18.0","11.6","100.0","100.0","100.0","99.2","68.4","45.5","0.4","1.1","18.6","20.7","29.7","34.4","6.7","9.7","0.0","17.8","21.0","25.5","(X)","(X)","1.3","3.1","25.3","18.3","22.5","16.1",
"1400000US25025180301","Census Tract 1803.01, Suffolk County, Massachusetts","2796","353","585","150","105","58","480","149","577","148","1535","239","362","129","1173","168","899","195","676","179","1399","209","1397","232","2696","365","37","37","0","13","37","58","0","13","0","13","26","32","83","79","2613","381","2093","265","61","43","496","144","551","146","985","188","1454","232","1403","231","768","164","635","115","51","39","30","32","21","22","2278","296","979","152","542","165","757","161","49","47","189","100","197","101","224","105","242","108","649","181","1139","284","1340","289","525","134","231","96","294","124","8","13","0","13","0","13","92","79","61","74","72","56","115","74","91","80","86","61","7708","4035","230","99","53","48","242","109","137","73","8","13","0","13","8","13","0","13","96","69","11","23","85","58","60","62","33","47","84","67","53","57","126","75","2","5","0","13","0","13","0","13","0","13","9","15","0","13","126","75","118","62","13","19","32","46","37","44","36","41","50","61","39","43","27","39","12","18","11","23","11","23","0","13","129","68","27","39","12","18","90","60","(X)","(X)","(X)","(X)","(X)","(X)","(X)","(X)","(X)","(X)","(X)","(X)","(X)","(X)","(X)","(X)","99","72","46","46","53","57","8","13","0","13","0","13","0","13","9","15","22","26","27","40","3","7","30","46","(X)","(X)","0","13","12","18","87","66","4.9","2.7","1.4","2.2","0.0","30.6","1.7","2.7","0.0","6.7","6.3","4.4","3.0","6.4","7.2","4.9","6.7","6.7","4.9","6.8","6.0","4.8","3.8","4.0","4.7","2.8","5.4","18.5","-","**","0.0","54.1","-","**","-","**","34.6","54.4","0.0","35.9","4.8","2.9","5.6","3.1","21.3","30.6","6.5","9.2","6.7","7.8","3.7","4.2","3.4","4.0","2.8","3.0","3.5","5.1","1.9","2.8","21.6","38.6","36.7","62.5","0.0","71.8","5.7","3.1","2.8","3.9","2.2","3.4","11.9","8.1","(X)","(X)","(X)","(X)","(X)","(X)","(X)","(X)","(X)","(X)","(X)","(X)","(X)","(X)","(X)","(X)","18.9","12.4","19.9","18.4","18.0","16.6","100.0","100.0","-","**","-","**","0.0","33.6","14.8","16.5","30.6","43.3","23.5","29.8","3.3","8.7","34.9","40.4","(X)","(X)","0.0","15.9","22.6","36.3","36.0","23.2",
"1400000US25025180400","Census Tract 1804, Suffolk County, Massachusetts","2066","248","296","63","97","75","199","75","290","62","1479","228","618","178","861","170","497","128","291","81","1065","176","1001","137","1681","253","107","119","0","13","0","13","0","13","155","161","123","170","454","245","1511","236","1670","236","98","58","419","136","425","113","728","198","1374","221","1304","237","669","173","635","126","70","61","70","61","0","13","1776","239","943","212","480","121","353","104","34","35","128","75","232","117","271","120","286","121","360","136","680","175","1132","204","594","165","340","144","254","83","6","10","0","13","22","28","209","134","80","70","96","58","49","31","77","37","55","46","5068","1556","309","151","158","58","127","66","96","67","6","10","0","13","6","10","0","13","85","66","7","11","78","66","5","8","5","8","46","42","50","36","96","67","0","13","0","13","0","13","0","13","0","13","0","13","6","10","90","67","90","67","18","25","5","8","55","61","12","11","39","35","39","35","0","13","39","35","0","13","0","13","0","13","90","67","16","25","28","26","46","42","(X)","(X)","(X)","(X)","(X)","(X)","(X)","(X)","(X)","(X)","(X)","(X)","(X)","(X)","(X)","(X)","96","67","46","42","50","36","6","10","0","13","0","13","7","11","16","23","46","42","16","25","5","8","0","13","(X)","(X)","16","25","28","26","52","43","4.6","3.3","2.0","3.3","0.0","32.4","3.0","4.8","0.0","12.9","5.7","4.4","1.1","1.8","9.1","7.5","1.0","1.6","1.7","2.7","4.3","4.0","5.0","3.5","5.7","4.0","0.0","30.2","-","**","-","**","-","**","0.0","22.5","0.0","27.2","1.3","2.3","6.0","4.4","5.4","4.0","18.4","23.7","1.2","1.9","12.9","12.6","1.6","1.5","2.8","2.5","3.0","2.6","0.0","5.8","6.1","5.2","0.0","39.3","0.0","39.3","-","**","5.1","3.7","1.7","2.7","5.8","5.5","13.0","11.7","(X)","(X)","(X)","(X)","(X)","(X)","(X)","(X)","(X)","(X)","(X)","(X)","(X)","(X)","(X)","(X)","16.2","10.5","13.5","12.3","19.7","12.7","100.0","100.0","-","**","0.0","70.1","3.3","5.5","20.0","23.5","47.9","34.3","32.7","37.4","6.5","9.9","0.0","44.4","(X)","(X)","5.2","8.3","17.7","15.7","40.9","27.1",
"1400000US25025180500","Census Tract 1805, Suffolk County, Massachusetts","4285","401","652","144","244","135","408","126","652","144","2915","321","974","219","1941","256","1085","248","718","231","1920","213","2365","317","3766","396","60","61","10","16","59","61","0","13","167","158","223","185","524","270","3510","417","3392","387","119","74","932","169","918","206","1423","280","2673","358","2543","341","1087","175","1456","277","130","77","50","49","80","63","3744","416","1769","268","982","228","993","256","193","149","416","201","425","202","508","209","560","214","1265","418","1742","435","2352","411","1308","269","432","133","876","249","0","13","0","13","33","48","348","152","198","158","150","65","321","138","225","130","33","44","5988","2810","571","198","386","145","351","151","362","201","92","92","10","16","82","89","92","92","247","139","41","70","206","108","73","59","23","28","134","85","228","164","340","205","0","13","0","13","0","13","0","13","22","24","0","13","78","87","273","177","270","141","11","17","75","67","123","95","61","58","150","136","140","136","6","10","134","131","10","16","10","16","0","13","275","145","12","20","160","132","103","70","(X)","(X)","(X)","(X)","(X)","(X)","(X)","(X)","(X)","(X)","(X)","(X)","(X)","(X)","(X)","(X)","205","121","64","61","141","117","0","13","0","13","0","13","41","70","17","19","10","16","114","85","23","28","0","13","(X)","(X)","0","13","112","114","93","69","8.4","4.6","14.1","12.8","4.1","7.3","20.1","19.7","14.1","12.8","8.5","4.7","4.2","7.0","10.6","5.7","6.7","5.6","3.2","4.0","7.0","4.3","9.6","6.7","9.0","5.3","0.0","42.5","0.0","100.0","0.0","42.8","-","**","13.2","17.4","0.0","16.4","14.9","15.6","7.8","4.9","8.0","4.2","9.2","16.0","8.0","6.9","13.4","10.0","4.3","4.1","5.6","5.0","5.5","5.2","0.6","0.9","9.2","8.6","7.7","13.0","20.0","35.6","0.0","36.7","7.3","3.9","0.7","1.1","16.3","11.7","10.4","7.1","(X)","(X)","(X)","(X)","(X)","(X)","(X)","(X)","(X)","(X)","(X)","(X)","(X)","(X)","(X)","(X)","15.7","8.8","14.8","13.1","16.1","12.3","-","**","-","**","0.0","57.3","11.8","19.2","8.6","10.8","6.7","11.4","35.5","22.7","10.2","12.2","0.0","57.3","(X)","(X)","0.0","6.8","29.0","23.8","26.5","18.1",
"1400000US25025980101","Census Tract 9801.01, Suffolk County, Massachusetts","428","428","0","13","0","13","0","13","0","13","408","429","81","109","327","350","25","36","20","34","365","385","63","102","175","210","100","105","0","13","0","13","0","13","104","196","49","81","129","182","150","183","428","428","133","287","93","138","156","173","46","51","190","223","82","73","69","73","13","29","108","159","108","159","0","13","428","428","25","35","121","161","282","292","173","263","344","368","362","362","416","437","416","437","421","428","428","428","428","428","428","428","365","385","63","102","0","13","0","13","0","13","81","109","120","154","138","162","69","58","20","34","0","13","7874","5105","25","35","121","161","282","292","329","343","0","13","0","13","0","13","0","13","309","342","63","74","246","295","20","34","20","34","284","281","45","104","163","216","44","36","0","13","0","13","0","13","73","167","49","81","98","147","138","190","329","343","74","167","78","123","131","181","46","51","103","115","13","29","13","29","0","13","90","120","90","120","0","13","329","343","7","16","52","42","270","302","(X)","(X)","(X)","(X)","(X)","(X)","(X)","(X)","(X)","(X)","(X)","(X)","(X)","(X)","(X)","(X)","329","343","284","281","45","104","0","13","0","13","0","13","63","74","120","154","69","105","57","62","20","34","0","13","(X)","(X)","7","16","52","42","270","302","76.9","14.6","-","**","-","**","-","**","-","**","75.7","15.3","77.8","41.1","75.2","19.4","80.0","66.3","100.0","73.6","77.8","19.7","71.4","71.4","93.1","24.2","44.0","40.3","-","**","-","**","-","**","70.2","70.2","100.0","47.0","76.0","16.3","92.0","28.1","76.9","14.6","55.6","55.6","83.9","41.5","84.0","44.7","100.0","48.5","54.2","11.9","15.9","38.9","18.8","61.3","0.0","91.2","83.3","29.1","83.3","29.1","-","**","76.9","14.6","28.0","72.0","43.0","57.0","95.7","14.7","(X)","(X)","(X)","(X)","(X)","(X)","(X)","(X)","(X)","(X)","(X)","(X)","(X)","(X)","(X)","(X)","76.9","14.6","77.8","19.7","71.4","71.4","-","**","-","**","-","**","77.8","41.1","100.0","27.7","50.0","37.6","82.6","35.5","100.0","73.6","-","**","(X)","(X)","28.0","72.0","43.0","57.0","95.7","14.7",
"1400000US25025980300","Census Tract 9803, Suffolk County, Massachusetts","196","131","0","13","0","13","0","13","0","13","181","129","16","40","165","97","30","35","15","34","180","124","16","37","138","96","33","53","16","37","0","13","0","13","0","13","9","21","20","36","118","80","196","131","92","95","76","63","28","45","0","13","54","30","24","30","24","30","0","13","30","35","30","35","0","13","196","131","9","21","85","105","102","54","75","71","160","119","166","129","181","123","181","123","196","131","196","131","196","131","196","131","180","124","16","37","0","13","0","13","0","13","16","40","51","62","53","51","61","39","15","34","0","13","N","N","9","21","85","105","102","54","160","119","0","13","0","13","0","13","0","13","145","115","10","27","135","96","30","35","15","34","144","106","16","37","132","86","12","26","16","37","0","13","0","13","0","13","0","13","20","36","112","70","160","119","71","73","61","62","28","45","0","13","30","34","15","34","15","34","0","13","15","35","15","35","0","13","160","119","0","13","73","83","87","43","(X)","(X)","(X)","(X)","(X)","(X)","(X)","(X)","(X)","(X)","(X)","(X)","(X)","(X)","(X)","(X)","160","119","144","106","16","37","0","13","0","13","0","13","10","27","42","58","32","44","61","39","15","34","0","13","(X)","(X)","0","13","73","83","87","43","81.6","23.2","-","**","-","**","-","**","-","**","80.1","24.6","62.5","62.5","81.8","26.5","100.0","60.1","100.0","84.9","80.0","23.4","100.0","82.2","95.7","8.3","36.4","63.6","100.0","82.2","-","**","-","**","-","**","0.0","100.0","100.0","73.6","94.9","9.8","81.6","23.2","77.2","31.8","80.3","34.9","100.0","62.2","-","**","55.6","55.6","62.5","62.5","62.5","62.5","-","**","50.0","50.0","50.0","50.0","-","**","81.6","23.2","0.0","100.0","85.9","25.6","85.3","30.3","(X)","(X)","(X)","(X)","(X)","(X)","(X)","(X)","(X)","(X)","(X)","(X)","(X)","(X)","(X)","(X)","81.6","23.2","80.0","23.4","100.0","82.2","-","**","-","**","-","**","62.5","62.5","82.4","47.1","60.4","60.4","100.0","42.1","100.0","84.9","-","**","(X)","(X)","0.0","100.0","85.9","25.6","85.3","30.3",
"1400000US25025980700","Census Tract 9807, Suffolk County, Massachusetts","0","13","0","13","0","13","0","13","0","13","0","13","0","13","0","13","0","13","0","13","0","13","0","13","0","13","0","13","0","13","0","13","0","13","0","13","0","13","0","13","0","13","0","13","0","13","0","13","0","13","0","13","0","13","0","13","0","13","0","13","0","13","0","13","0","13","0","13","0","13","0","13","0","13","0","13","0","13","0","13","0","13","0","13","0","13","0","13","0","13","0","13","0","13","0","13","0","13","0","13","0","13","0","13","0","13","0","13","0","13","0","13","0","13","-","**","0","13","0","13","0","13","0","13","0","13","0","13","0","13","0","13","0","13","0","13","0","13","0","13","0","13","0","13","0","13","0","13","0","13","0","13","0","13","0","13","0","13","0","13","0","13","0","13","0","13","0","13","0","13","0","13","0","13","0","13","0","13","0","13","0","13","0","13","0","13","0","13","0","13","0","13","0","13","0","13","(X)","(X)","(X)","(X)","(X)","(X)","(X)","(X)","(X)","(X)","(X)","(X)","(X)","(X)","(X)","(X)","0","13","0","13","0","13","0","13","0","13","0","13","0","13","0","13","0","13","0","13","0","13","0","13","(X)","(X)","0","13","0","13","0","13","-","**","-","**","-","**","-","**","-","**","-","**","-","**","-","**","-","**","-","**","-","**","-","**","-","**","-","**","-","**","-","**","-","**","-","**","-","**","-","**","-","**","-","**","-","**","-","**","-","**","-","**","-","**","-","**","-","**","-","**","-","**","-","**","-","**","-","**","-","**","-","**","-","**","(X)","(X)","(X)","(X)","(X)","(X)","(X)","(X)","(X)","(X)","(X)","(X)","(X)","(X)","(X)","(X)","-","**","-","**","-","**","-","**","-","**","-","**","-","**","-","**","-","**","-","**","-","**","-","**","(X)","(X)","-","**","-","**","-","**",
"1400000US25025980900","Census Tract 9809, Suffolk County, Massachusetts","0","13","0","13","0","13","0","13","0","13","0","13","0","13","0","13","0","13","0","13","0","13","0","13","0","13","0","13","0","13","0","13","0","13","0","13","0","13","0","13","0","13","0","13","0","13","0","13","0","13","0","13","0","13","0","13","0","13","0","13","0","13","0","13","0","13","0","13","0","13","0","13","0","13","0","13","0","13","0","13","0","13","0","13","0","13","0","13","0","13","0","13","0","13","0","13","0","13","0","13","0","13","0","13","0","13","0","13","0","13","0","13","0","13","-","**","0","13","0","13","0","13","0","13","0","13","0","13","0","13","0","13","0","13","0","13","0","13","0","13","0","13","0","13","0","13","0","13","0","13","0","13","0","13","0","13","0","13","0","13","0","13","0","13","0","13","0","13","0","13","0","13","0","13","0","13","0","13","0","13","0","13","0","13","0","13","0","13","0","13","0","13","0","13","0","13","(X)","(X)","(X)","(X)","(X)","(X)","(X)","(X)","(X)","(X)","(X)","(X)","(X)","(X)","(X)","(X)","0","13","0","13","0","13","0","13","0","13","0","13","0","13","0","13","0","13","0","13","0","13","0","13","(X)","(X)","0","13","0","13","0","13","-","**","-","**","-","**","-","**","-","**","-","**","-","**","-","**","-","**","-","**","-","**","-","**","-","**","-","**","-","**","-","**","-","**","-","**","-","**","-","**","-","**","-","**","-","**","-","**","-","**","-","**","-","**","-","**","-","**","-","**","-","**","-","**","-","**","-","**","-","**","-","**","-","**","(X)","(X)","(X)","(X)","(X)","(X)","(X)","(X)","(X)","(X)","(X)","(X)","(X)","(X)","(X)","(X)","-","**","-","**","-","**","-","**","-","**","-","**","-","**","-","**","-","**","-","**","-","**","-","**","(X)","(X)","-","**","-","**","-","**",
"1400000US25025981000","Census Tract 9810, Suffolk County, Massachusetts","0","13","0","13","0","13","0","13","0","13","0","13","0","13","0","13","0","13","0","13","0","13","0","13","0","13","0","13","0","13","0","13","0","13","0","13","0","13","0","13","0","13","0","13","0","13","0","13","0","13","0","13","0","13","0","13","0","13","0","13","0","13","0","13","0","13","0","13","0","13","0","13","0","13","0","13","0","13","0","13","0","13","0","13","0","13","0","13","0","13","0","13","0","13","0","13","0","13","0","13","0","13","0","13","0","13","0","13","0","13","0","13","0","13","-","**","0","13","0","13","0","13","0","13","0","13","0","13","0","13","0","13","0","13","0","13","0","13","0","13","0","13","0","13","0","13","0","13","0","13","0","13","0","13","0","13","0","13","0","13","0","13","0","13","0","13","0","13","0","13","0","13","0","13","0","13","0","13","0","13","0","13","0","13","0","13","0","13","0","13","0","13","0","13","0","13","(X)","(X)","(X)","(X)","(X)","(X)","(X)","(X)","(X)","(X)","(X)","(X)","(X)","(X)","(X)","(X)","0","13","0","13","0","13","0","13","0","13","0","13","0","13","0","13","0","13","0","13","0","13","0","13","(X)","(X)","0","13","0","13","0","13","-","**","-","**","-","**","-","**","-","**","-","**","-","**","-","**","-","**","-","**","-","**","-","**","-","**","-","**","-","**","-","**","-","**","-","**","-","**","-","**","-","**","-","**","-","**","-","**","-","**","-","**","-","**","-","**","-","**","-","**","-","**","-","**","-","**","-","**","-","**","-","**","-","**","(X)","(X)","(X)","(X)","(X)","(X)","(X)","(X)","(X)","(X)","(X)","(X)","(X)","(X)","(X)","(X)","-","**","-","**","-","**","-","**","-","**","-","**","-","**","-","**","-","**","-","**","-","**","-","**","(X)","(X)","-","**","-","**","-","**",
"1400000US25025981100","Census Tract 9811, Suffolk County, Massachusetts","5","7","0","13","0","13","0","13","0","13","5","7","0","13","5","7","0","13","0","13","5","7","0","13","5","7","0","13","0","13","0","13","0","13","0","13","0","13","0","13","5","7","5","7","0","13","0","13","0","13","5","7","5","7","5","7","5","7","0","13","0","13","0","13","0","13","5","7","5","7","0","13","0","13","0","13","0","13","0","13","0","13","0","13","0","13","0","13","5","7","5","7","5","7","0","13","0","13","0","13","0","13","0","13","5","7","0","13","0","13","0","13","0","13","-","**","5","7","0","13","0","13","0","13","0","13","0","13","0","13","0","13","0","13","0","13","0","13","0","13","0","13","0","13","0","13","0","13","0","13","0","13","0","13","0","13","0","13","0","13","0","13","0","13","0","13","0","13","0","13","0","13","0","13","0","13","0","13","0","13","0","13","0","13","0","13","0","13","0","13","0","13","0","13","0","13","(X)","(X)","(X)","(X)","(X)","(X)","(X)","(X)","(X)","(X)","(X)","(X)","(X)","(X)","(X)","(X)","0","13","0","13","0","13","0","13","0","13","0","13","0","13","0","13","0","13","0","13","0","13","0","13","(X)","(X)","0","13","0","13","0","13","0.0","100.0","-","**","-","**","-","**","-","**","0.0","100.0","-","**","0.0","100.0","-","**","-","**","0.0","100.0","-","**","0.0","100.0","-","**","-","**","-","**","-","**","-","**","-","**","-","**","0.0","100.0","0.0","100.0","-","**","-","**","-","**","0.0","100.0","0.0","100.0","0.0","100.0","0.0","100.0","-","**","-","**","-","**","-","**","0.0","100.0","0.0","100.0","-","**","-","**","(X)","(X)","(X)","(X)","(X)","(X)","(X)","(X)","(X)","(X)","(X)","(X)","(X)","(X)","(X)","(X)","0.0","100.0","0.0","100.0","-","**","-","**","-","**","-","**","-","**","0.0","100.0","-","**","-","**","-","**","-","**","(X)","(X)","0.0","100.0","-","**","-","**",
"1400000US25025981201","Census Tract 9812.01, Suffolk County, Massachusetts","0","13","0","13","0","13","0","13","0","13","0","13","0","13","0","13","0","13","0","13","0","13","0","13","0","13","0","13","0","13","0","13","0","13","0","13","0","13","0","13","0","13","0","13","0","13","0","13","0","13","0","13","0","13","0","13","0","13","0","13","0","13","0","13","0","13","0","13","0","13","0","13","0","13","0","13","0","13","0","13","0","13","0","13","0","13","0","13","0","13","0","13","0","13","0","13","0","13","0","13","0","13","0","13","0","13","0","13","0","13","0","13","0","13","-","**","0","13","0","13","0","13","0","13","0","13","0","13","0","13","0","13","0","13","0","13","0","13","0","13","0","13","0","13","0","13","0","13","0","13","0","13","0","13","0","13","0","13","0","13","0","13","0","13","0","13","0","13","0","13","0","13","0","13","0","13","0","13","0","13","0","13","0","13","0","13","0","13","0","13","0","13","0","13","0","13","(X)","(X)","(X)","(X)","(X)","(X)","(X)","(X)","(X)","(X)","(X)","(X)","(X)","(X)","(X)","(X)","0","13","0","13","0","13","0","13","0","13","0","13","0","13","0","13","0","13","0","13","0","13","0","13","(X)","(X)","0","13","0","13","0","13","-","**","-","**","-","**","-","**","-","**","-","**","-","**","-","**","-","**","-","**","-","**","-","**","-","**","-","**","-","**","-","**","-","**","-","**","-","**","-","**","-","**","-","**","-","**","-","**","-","**","-","**","-","**","-","**","-","**","-","**","-","**","-","**","-","**","-","**","-","**","-","**","-","**","(X)","(X)","(X)","(X)","(X)","(X)","(X)","(X)","(X)","(X)","(X)","(X)","(X)","(X)","(X)","(X)","-","**","-","**","-","**","-","**","-","**","-","**","-","**","-","**","-","**","-","**","-","**","-","**","(X)","(X)","-","**","-","**","-","**",
"1400000US25025981202","Census Tract 9812.02, Suffolk County, Massachusetts","0","13","0","13","0","13","0","13","0","13","0","13","0","13","0","13","0","13","0","13","0","13","0","13","0","13","0","13","0","13","0","13","0","13","0","13","0","13","0","13","0","13","0","13","0","13","0","13","0","13","0","13","0","13","0","13","0","13","0","13","0","13","0","13","0","13","0","13","0","13","0","13","0","13","0","13","0","13","0","13","0","13","0","13","0","13","0","13","0","13","0","13","0","13","0","13","0","13","0","13","0","13","0","13","0","13","0","13","0","13","0","13","0","13","-","**","0","13","0","13","0","13","0","13","0","13","0","13","0","13","0","13","0","13","0","13","0","13","0","13","0","13","0","13","0","13","0","13","0","13","0","13","0","13","0","13","0","13","0","13","0","13","0","13","0","13","0","13","0","13","0","13","0","13","0","13","0","13","0","13","0","13","0","13","0","13","0","13","0","13","0","13","0","13","0","13","(X)","(X)","(X)","(X)","(X)","(X)","(X)","(X)","(X)","(X)","(X)","(X)","(X)","(X)","(X)","(X)","0","13","0","13","0","13","0","13","0","13","0","13","0","13","0","13","0","13","0","13","0","13","0","13","(X)","(X)","0","13","0","13","0","13","-","**","-","**","-","**","-","**","-","**","-","**","-","**","-","**","-","**","-","**","-","**","-","**","-","**","-","**","-","**","-","**","-","**","-","**","-","**","-","**","-","**","-","**","-","**","-","**","-","**","-","**","-","**","-","**","-","**","-","**","-","**","-","**","-","**","-","**","-","**","-","**","-","**","(X)","(X)","(X)","(X)","(X)","(X)","(X)","(X)","(X)","(X)","(X)","(X)","(X)","(X)","(X)","(X)","-","**","-","**","-","**","-","**","-","**","-","**","-","**","-","**","-","**","-","**","-","**","-","**","(X)","(X)","-","**","-","**","-","**",
"1400000US25025981300","Census Tract 9813, Suffolk County, Massachusetts","5","7","0","13","0","13","0","13","0","13","5","7","5","7","0","13","0","13","0","13","5","7","0","13","5","7","0","13","0","13","0","13","0","13","0","13","0","13","0","13","5","7","5","7","0","13","0","13","0","13","5","7","5","7","5","7","5","7","0","13","0","13","0","13","0","13","5","7","5","7","0","13","0","13","0","13","0","13","0","13","0","13","0","13","0","13","0","13","0","13","5","7","5","7","0","13","0","13","0","13","0","13","5","7","0","13","0","13","0","13","0","13","0","13","-","**","5","7","0","13","0","13","0","13","0","13","0","13","0","13","0","13","0","13","0","13","0","13","0","13","0","13","0","13","0","13","0","13","0","13","0","13","0","13","0","13","0","13","0","13","0","13","0","13","0","13","0","13","0","13","0","13","0","13","0","13","0","13","0","13","0","13","0","13","0","13","0","13","0","13","0","13","0","13","0","13","(X)","(X)","(X)","(X)","(X)","(X)","(X)","(X)","(X)","(X)","(X)","(X)","(X)","(X)","(X)","(X)","0","13","0","13","0","13","0","13","0","13","0","13","0","13","0","13","0","13","0","13","0","13","0","13","(X)","(X)","0","13","0","13","0","13","0.0","100.0","-","**","-","**","-","**","-","**","0.0","100.0","0.0","100.0","-","**","-","**","-","**","0.0","100.0","-","**","0.0","100.0","-","**","-","**","-","**","-","**","-","**","-","**","-","**","0.0","100.0","0.0","100.0","-","**","-","**","-","**","0.0","100.0","0.0","100.0","0.0","100.0","0.0","100.0","-","**","-","**","-","**","-","**","0.0","100.0","0.0","100.0","-","**","-","**","(X)","(X)","(X)","(X)","(X)","(X)","(X)","(X)","(X)","(X)","(X)","(X)","(X)","(X)","(X)","(X)","0.0","100.0","0.0","100.0","-","**","-","**","-","**","-","**","0.0","100.0","-","**","-","**","-","**","-","**","-","**","(X)","(X)","0.0","100.0","-","**","-","**",
"1400000US25025981501","Census Tract 9815.01, Suffolk County, Massachusetts","0","13","0","13","0","13","0","13","0","13","0","13","0","13","0","13","0","13","0","13","0","13","0","13","0","13","0","13","0","13","0","13","0","13","0","13","0","13","0","13","0","13","0","13","0","13","0","13","0","13","0","13","0","13","0","13","0","13","0","13","0","13","0","13","0","13","0","13","0","13","0","13","0","13","0","13","0","13","0","13","0","13","0","13","0","13","0","13","0","13","0","13","0","13","0","13","0","13","0","13","0","13","0","13","0","13","0","13","0","13","0","13","0","13","-","**","0","13","0","13","0","13","0","13","0","13","0","13","0","13","0","13","0","13","0","13","0","13","0","13","0","13","0","13","0","13","0","13","0","13","0","13","0","13","0","13","0","13","0","13","0","13","0","13","0","13","0","13","0","13","0","13","0","13","0","13","0","13","0","13","0","13","0","13","0","13","0","13","0","13","0","13","0","13","0","13","(X)","(X)","(X)","(X)","(X)","(X)","(X)","(X)","(X)","(X)","(X)","(X)","(X)","(X)","(X)","(X)","0","13","0","13","0","13","0","13","0","13","0","13","0","13","0","13","0","13","0","13","0","13","0","13","(X)","(X)","0","13","0","13","0","13","-","**","-","**","-","**","-","**","-","**","-","**","-","**","-","**","-","**","-","**","-","**","-","**","-","**","-","**","-","**","-","**","-","**","-","**","-","**","-","**","-","**","-","**","-","**","-","**","-","**","-","**","-","**","-","**","-","**","-","**","-","**","-","**","-","**","-","**","-","**","-","**","-","**","(X)","(X)","(X)","(X)","(X)","(X)","(X)","(X)","(X)","(X)","(X)","(X)","(X)","(X)","(X)","(X)","-","**","-","**","-","**","-","**","-","**","-","**","-","**","-","**","-","**","-","**","-","**","-","**","(X)","(X)","-","**","-","**","-","**",
"1400000US25025981502","Census Tract 9815.02, Suffolk County, Massachusetts","0","13","0","13","0","13","0","13","0","13","0","13","0","13","0","13","0","13","0","13","0","13","0","13","0","13","0","13","0","13","0","13","0","13","0","13","0","13","0","13","0","13","0","13","0","13","0","13","0","13","0","13","0","13","0","13","0","13","0","13","0","13","0","13","0","13","0","13","0","13","0","13","0","13","0","13","0","13","0","13","0","13","0","13","0","13","0","13","0","13","0","13","0","13","0","13","0","13","0","13","0","13","0","13","0","13","0","13","0","13","0","13","0","13","-","**","0","13","0","13","0","13","0","13","0","13","0","13","0","13","0","13","0","13","0","13","0","13","0","13","0","13","0","13","0","13","0","13","0","13","0","13","0","13","0","13","0","13","0","13","0","13","0","13","0","13","0","13","0","13","0","13","0","13","0","13","0","13","0","13","0","13","0","13","0","13","0","13","0","13","0","13","0","13","0","13","(X)","(X)","(X)","(X)","(X)","(X)","(X)","(X)","(X)","(X)","(X)","(X)","(X)","(X)","(X)","(X)","0","13","0","13","0","13","0","13","0","13","0","13","0","13","0","13","0","13","0","13","0","13","0","13","(X)","(X)","0","13","0","13","0","13","-","**","-","**","-","**","-","**","-","**","-","**","-","**","-","**","-","**","-","**","-","**","-","**","-","**","-","**","-","**","-","**","-","**","-","**","-","**","-","**","-","**","-","**","-","**","-","**","-","**","-","**","-","**","-","**","-","**","-","**","-","**","-","**","-","**","-","**","-","**","-","**","-","**","(X)","(X)","(X)","(X)","(X)","(X)","(X)","(X)","(X)","(X)","(X)","(X)","(X)","(X)","(X)","(X)","-","**","-","**","-","**","-","**","-","**","-","**","-","**","-","**","-","**","-","**","-","**","-","**","(X)","(X)","-","**","-","**","-","**",
"1400000US25025981600","Census Tract 9816, Suffolk County, Massachusetts","0","13","0","13","0","13","0","13","0","13","0","13","0","13","0","13","0","13","0","13","0","13","0","13","0","13","0","13","0","13","0","13","0","13","0","13","0","13","0","13","0","13","0","13","0","13","0","13","0","13","0","13","0","13","0","13","0","13","0","13","0","13","0","13","0","13","0","13","0","13","0","13","0","13","0","13","0","13","0","13","0","13","0","13","0","13","0","13","0","13","0","13","0","13","0","13","0","13","0","13","0","13","0","13","0","13","0","13","0","13","0","13","0","13","-","**","0","13","0","13","0","13","0","13","0","13","0","13","0","13","0","13","0","13","0","13","0","13","0","13","0","13","0","13","0","13","0","13","0","13","0","13","0","13","0","13","0","13","0","13","0","13","0","13","0","13","0","13","0","13","0","13","0","13","0","13","0","13","0","13","0","13","0","13","0","13","0","13","0","13","0","13","0","13","0","13","(X)","(X)","(X)","(X)","(X)","(X)","(X)","(X)","(X)","(X)","(X)","(X)","(X)","(X)","(X)","(X)","0","13","0","13","0","13","0","13","0","13","0","13","0","13","0","13","0","13","0","13","0","13","0","13","(X)","(X)","0","13","0","13","0","13","-","**","-","**","-","**","-","**","-","**","-","**","-","**","-","**","-","**","-","**","-","**","-","**","-","**","-","**","-","**","-","**","-","**","-","**","-","**","-","**","-","**","-","**","-","**","-","**","-","**","-","**","-","**","-","**","-","**","-","**","-","**","-","**","-","**","-","**","-","**","-","**","-","**","(X)","(X)","(X)","(X)","(X)","(X)","(X)","(X)","(X)","(X)","(X)","(X)","(X)","(X)","(X)","(X)","-","**","-","**","-","**","-","**","-","**","-","**","-","**","-","**","-","**","-","**","-","**","-","**","(X)","(X)","-","**","-","**","-","**",
"1400000US25025981700","Census Tract 9817, Suffolk County, Massachusetts","0","13","0","13","0","13","0","13","0","13","0","13","0","13","0","13","0","13","0","13","0","13","0","13","0","13","0","13","0","13","0","13","0","13","0","13","0","13","0","13","0","13","0","13","0","13","0","13","0","13","0","13","0","13","0","13","0","13","0","13","0","13","0","13","0","13","0","13","0","13","0","13","0","13","0","13","0","13","0","13","0","13","0","13","0","13","0","13","0","13","0","13","0","13","0","13","0","13","0","13","0","13","0","13","0","13","0","13","0","13","0","13","0","13","-","**","0","13","0","13","0","13","0","13","0","13","0","13","0","13","0","13","0","13","0","13","0","13","0","13","0","13","0","13","0","13","0","13","0","13","0","13","0","13","0","13","0","13","0","13","0","13","0","13","0","13","0","13","0","13","0","13","0","13","0","13","0","13","0","13","0","13","0","13","0","13","0","13","0","13","0","13","0","13","0","13","(X)","(X)","(X)","(X)","(X)","(X)","(X)","(X)","(X)","(X)","(X)","(X)","(X)","(X)","(X)","(X)","0","13","0","13","0","13","0","13","0","13","0","13","0","13","0","13","0","13","0","13","0","13","0","13","(X)","(X)","0","13","0","13","0","13","-","**","-","**","-","**","-","**","-","**","-","**","-","**","-","**","-","**","-","**","-","**","-","**","-","**","-","**","-","**","-","**","-","**","-","**","-","**","-","**","-","**","-","**","-","**","-","**","-","**","-","**","-","**","-","**","-","**","-","**","-","**","-","**","-","**","-","**","-","**","-","**","-","**","(X)","(X)","(X)","(X)","(X)","(X)","(X)","(X)","(X)","(X)","(X)","(X)","(X)","(X)","(X)","(X)","-","**","-","**","-","**","-","**","-","**","-","**","-","**","-","**","-","**","-","**","-","**","-","**","(X)","(X)","-","**","-","**","-","**",
"1400000US25025981800","Census Tract 9818, Suffolk County, Massachusetts","33","37","14","20","14","20","0","13","14","20","11","16","11","16","0","13","8","11","8","11","0","13","33","37","8","11","25","36","0","13","0","13","0","13","0","13","0","13","0","13","8","11","19","19","0","13","0","13","0","13","19","19","19","19","15","16","0","13","15","16","4","6","0","13","4","6","19","19","0","13","19","19","0","13","0","13","0","13","0","13","0","13","0","13","29","36","33","37","33","37","8","11","0","13","8","11","0","13","0","13","0","13","0","13","0","13","0","13","0","13","8","11","0","13","-","**","0","13","8","11","0","13","0","13","0","13","0","13","0","13","0","13","0","13","0","13","0","13","0","13","0","13","0","13","0","13","0","13","0","13","0","13","0","13","0","13","0","13","0","13","0","13","0","13","0","13","0","13","0","13","0","13","0","13","0","13","0","13","0","13","0","13","0","13","0","13","0","13","0","13","0","13","0","13","0","13","(X)","(X)","(X)","(X)","(X)","(X)","(X)","(X)","(X)","(X)","(X)","(X)","(X)","(X)","(X)","(X)","0","13","0","13","0","13","0","13","0","13","0","13","0","13","0","13","0","13","0","13","0","13","0","13","(X)","(X)","0","13","0","13","0","13","0.0","57.3","0.0","87.9","0.0","87.9","-","**","0.0","87.9","0.0","99.2","0.0","99.2","-","**","0.0","100.0","0.0","100.0","-","**","0.0","57.3","0.0","100.0","0.0","65.8","-","**","-","**","-","**","-","**","-","**","-","**","0.0","100.0","0.0","75.5","-","**","-","**","-","**","0.0","75.5","0.0","75.5","0.0","84.9","-","**","0.0","84.9","0.0","100.0","-","**","0.0","100.0","0.0","75.5","-","**","0.0","75.5","-","**","(X)","(X)","(X)","(X)","(X)","(X)","(X)","(X)","(X)","(X)","(X)","(X)","(X)","(X)","(X)","(X)","0.0","100.0","-","**","0.0","100.0","-","**","-","**","-","**","-","**","-","**","-","**","-","**","0.0","100.0","-","**","(X)","(X)","-","**","0.0","100.0","-","**",
"1400000US25025981900","Census Tract 9819, Suffolk County, Massachusetts","0","13","0","13","0","13","0","13","0","13","0","13","0","13","0","13","0","13","0","13","0","13","0","13","0","13","0","13","0","13","0","13","0","13","0","13","0","13","0","13","0","13","0","13","0","13","0","13","0","13","0","13","0","13","0","13","0","13","0","13","0","13","0","13","0","13","0","13","0","13","0","13","0","13","0","13","0","13","0","13","0","13","0","13","0","13","0","13","0","13","0","13","0","13","0","13","0","13","0","13","0","13","0","13","0","13","0","13","0","13","0","13","0","13","-","**","0","13","0","13","0","13","0","13","0","13","0","13","0","13","0","13","0","13","0","13","0","13","0","13","0","13","0","13","0","13","0","13","0","13","0","13","0","13","0","13","0","13","0","13","0","13","0","13","0","13","0","13","0","13","0","13","0","13","0","13","0","13","0","13","0","13","0","13","0","13","0","13","0","13","0","13","0","13","0","13","(X)","(X)","(X)","(X)","(X)","(X)","(X)","(X)","(X)","(X)","(X)","(X)","(X)","(X)","(X)","(X)","0","13","0","13","0","13","0","13","0","13","0","13","0","13","0","13","0","13","0","13","0","13","0","13","(X)","(X)","0","13","0","13","0","13","-","**","-","**","-","**","-","**","-","**","-","**","-","**","-","**","-","**","-","**","-","**","-","**","-","**","-","**","-","**","-","**","-","**","-","**","-","**","-","**","-","**","-","**","-","**","-","**","-","**","-","**","-","**","-","**","-","**","-","**","-","**","-","**","-","**","-","**","-","**","-","**","-","**","(X)","(X)","(X)","(X)","(X)","(X)","(X)","(X)","(X)","(X)","(X)","(X)","(X)","(X)","(X)","(X)","-","**","-","**","-","**","-","**","-","**","-","**","-","**","-","**","-","**","-","**","-","**","-","**","(X)","(X)","-","**","-","**","-","**",
"1400000US25025990101","Census Tract 9901.01, Suffolk County, Massachusetts","0","13","0","13","0","13","0","13","0","13","0","13","0","13","0","13","0","13","0","13","0","13","0","13","0","13","0","13","0","13","0","13","0","13","0","13","0","13","0","13","0","13","0","13","0","13","0","13","0","13","0","13","0","13","0","13","0","13","0","13","0","13","0","13","0","13","0","13","0","13","0","13","0","13","0","13","0","13","0","13","0","13","0","13","0","13","0","13","0","13","0","13","0","13","0","13","0","13","0","13","0","13","0","13","0","13","0","13","0","13","0","13","0","13","-","**","0","13","0","13","0","13","0","13","0","13","0","13","0","13","0","13","0","13","0","13","0","13","0","13","0","13","0","13","0","13","0","13","0","13","0","13","0","13","0","13","0","13","0","13","0","13","0","13","0","13","0","13","0","13","0","13","0","13","0","13","0","13","0","13","0","13","0","13","0","13","0","13","0","13","0","13","0","13","0","13","(X)","(X)","(X)","(X)","(X)","(X)","(X)","(X)","(X)","(X)","(X)","(X)","(X)","(X)","(X)","(X)","0","13","0","13","0","13","0","13","0","13","0","13","0","13","0","13","0","13","0","13","0","13","0","13","(X)","(X)","0","13","0","13","0","13","-","**","-","**","-","**","-","**","-","**","-","**","-","**","-","**","-","**","-","**","-","**","-","**","-","**","-","**","-","**","-","**","-","**","-","**","-","**","-","**","-","**","-","**","-","**","-","**","-","**","-","**","-","**","-","**","-","**","-","**","-","**","-","**","-","**","-","**","-","**","-","**","-","**","(X)","(X)","(X)","(X)","(X)","(X)","(X)","(X)","(X)","(X)","(X)","(X)","(X)","(X)","(X)","(X)","-","**","-","**","-","**","-","**","-","**","-","**","-","**","-","**","-","**","-","**","-","**","-","**","(X)","(X)","-","**","-","**","-","**",
